FEES,10,20150224,101000,0.0659100,0.0660000,0.0559300,0.0650000,986030000
FEES,10,20150224,102000,0.0650200,0.0655800,0.0644000,0.0651700,265460000
FEES,10,20150224,103000,0.0650500,0.0655000,0.0648000,0.0649700,67050000
FEES,10,20150224,104000,0.0649700,0.0652700,0.0646100,0.0652300,94290000
FEES,10,20150224,105000,0.0652300,0.0653700,0.0650500,0.0650500,86470000
FEES,10,20150224,110000,0.0650500,0.0653600,0.0650400,0.0652200,83740000
FEES,10,20150224,111000,0.0651400,0.0653500,0.0650600,0.0652000,22440000
FEES,10,20150224,112000,0.0652000,0.0654600,0.0649000,0.0649000,77910000
FEES,10,20150224,113000,0.0649700,0.0651100,0.0645000,0.0647000,187930000
FEES,10,20150224,114000,0.0645700,0.0647000,0.0644100,0.0647000,30550000
FEES,10,20150224,115000,0.0646900,0.0649000,0.0645000,0.0648900,26920000
FEES,10,20150224,120000,0.0648900,0.0654000,0.0648900,0.0654000,85670000
FEES,10,20150224,121000,0.0652500,0.0654000,0.0651800,0.0652500,20760000
FEES,10,20150224,122000,0.0652400,0.0653200,0.0651900,0.0652900,8630000
FEES,10,20150224,123000,0.0653400,0.0661700,0.0653400,0.0658300,161170000
FEES,10,20150224,124000,0.0659600,0.0661500,0.0658200,0.0658600,42500000
FEES,10,20150224,125000,0.0660200,0.0660700,0.0658500,0.0659200,17500000
FEES,10,20150224,130000,0.0659200,0.0660700,0.0658500,0.0659700,34870000
FEES,10,20150224,131000,0.0658600,0.0660200,0.0658500,0.0658900,15810000
FEES,10,20150224,132000,0.0659100,0.0659800,0.0656800,0.0657000,30670000
FEES,10,20150224,133000,0.0657000,0.0667700,0.0656200,0.0665200,86770000
FEES,10,20150224,134000,0.0666300,0.0667400,0.0662100,0.0666500,34950000
FEES,10,20150224,135000,0.0666200,0.0674000,0.0666200,0.0666600,118630000
FEES,10,20150224,140000,0.0669500,0.0669800,0.0667100,0.0668400,13240000
FEES,10,20150224,141000,0.0667300,0.0669800,0.0666500,0.0667600,26660000
FEES,10,20150224,142000,0.0667900,0.0674000,0.0667800,0.0672600,48760000
FEES,10,20150224,143000,0.0673500,0.0674700,0.0670400,0.0670500,18710000
FEES,10,20150224,144000,0.0670500,0.0670800,0.0667800,0.0670700,5570000
FEES,10,20150224,145000,0.0669200,0.0672200,0.0667800,0.0670700,9010000
FEES,10,20150224,150000,0.0671500,0.0674000,0.0670900,0.0672200,36300000
FEES,10,20150224,151000,0.0672200,0.0675000,0.0672200,0.0672700,59960000
FEES,10,20150224,152000,0.0672300,0.0674600,0.0672300,0.0673000,17780000
FEES,10,20150224,153000,0.0673500,0.0674000,0.0672200,0.0672700,9250000
FEES,10,20150224,154000,0.0672700,0.0673400,0.0672200,0.0673000,21320000
FEES,10,20150224,155000,0.0673000,0.0673000,0.0669700,0.0670000,29360000
FEES,10,20150224,160000,0.0670800,0.0671000,0.0667600,0.0668700,9100000
FEES,10,20150224,161000,0.0669900,0.0673000,0.0668200,0.0670000,31740000
FEES,10,20150224,162000,0.0671500,0.0673000,0.0671000,0.0671300,6750000
FEES,10,20150224,163000,0.0671200,0.0672800,0.0671000,0.0672000,16910000
FEES,10,20150224,164000,0.0672000,0.0672400,0.0671000,0.0671200,67190000
FEES,10,20150224,165000,0.0672100,0.0672400,0.0671200,0.0672000,25090000
FEES,10,20150224,170000,0.0672800,0.0672900,0.0667000,0.0670000,200480000
FEES,10,20150224,171000,0.0670700,0.0671000,0.0670000,0.0670800,19080000
FEES,10,20150224,172000,0.0670700,0.0671900,0.0670000,0.0671300,10290000
FEES,10,20150224,173000,0.0671400,0.0671400,0.0670000,0.0670200,11370000
FEES,10,20150224,174000,0.0670300,0.0671700,0.0670000,0.0671700,11130000
FEES,10,20150224,175000,0.0671000,0.0671700,0.0670000,0.0671400,13530000
FEES,10,20150224,180000,0.0670600,0.0670600,0.0669000,0.0669000,40940000
FEES,10,20150224,181000,0.0669000,0.0669500,0.0658200,0.0665000,182170000
FEES,10,20150224,182000,0.0665000,0.0667200,0.0661000,0.0662000,77290000
FEES,10,20150224,183000,0.0664200,0.0664900,0.0660200,0.0664900,18900000
FEES,10,20150224,184000,0.0664900,0.0665000,0.0662300,0.0665000,80820000
FEES,10,20150224,185000,0.0665000,0.0665000,0.0665000,0.0665000,2810000
FEES,10,20150225,101000,0.0661600,0.0669800,0.0650000,0.0668500,230610000
FEES,10,20150225,102000,0.0669000,0.0675000,0.0667100,0.0667600,190460000
FEES,10,20150225,103000,0.0667600,0.0669900,0.0665300,0.0669800,27610000
FEES,10,20150225,104000,0.0669800,0.0673900,0.0669800,0.0673200,35240000
FEES,10,20150225,105000,0.0673200,0.0682600,0.0672300,0.0677800,198480000
FEES,10,20150225,110000,0.0677300,0.0683000,0.0677300,0.0680000,137820000
FEES,10,20150225,111000,0.0680000,0.0695000,0.0676500,0.0688300,449380000
FEES,10,20150225,112000,0.0688900,0.0694100,0.0687900,0.0690300,160220000
FEES,10,20150225,113000,0.0690400,0.0691900,0.0687500,0.0691900,87940000
FEES,10,20150225,114000,0.0691300,0.0702700,0.0691100,0.0698500,418830000
FEES,10,20150225,115000,0.0699500,0.0701600,0.0695400,0.0697100,169210000
FEES,10,20150225,120000,0.0696200,0.0697700,0.0687100,0.0692800,162420000
FEES,10,20150225,121000,0.0691300,0.0693400,0.0685000,0.0685000,105450000
FEES,10,20150225,122000,0.0685900,0.0688000,0.0682100,0.0686300,117790000
FEES,10,20150225,123000,0.0686400,0.0692500,0.0685000,0.0688400,80610000
FEES,10,20150225,124000,0.0688200,0.0688300,0.0682600,0.0684000,98650000
FEES,10,20150225,125000,0.0684100,0.0687800,0.0682900,0.0686100,97070000
FEES,10,20150225,130000,0.0686300,0.0686300,0.0677800,0.0685900,133120000
FEES,10,20150225,131000,0.0685800,0.0687700,0.0680300,0.0682100,58230000
FEES,10,20150225,132000,0.0682200,0.0686300,0.0681200,0.0686300,51090000
FEES,10,20150225,133000,0.0686200,0.0689200,0.0684200,0.0688600,22480000
FEES,10,20150225,134000,0.0688400,0.0691500,0.0688400,0.0689000,74450000
FEES,10,20150225,135000,0.0688800,0.0689600,0.0688400,0.0688400,23450000
FEES,10,20150225,140000,0.0688900,0.0699000,0.0688400,0.0695000,139210000
FEES,10,20150225,141000,0.0696500,0.0702000,0.0696300,0.0698500,175570000
FEES,10,20150225,142000,0.0697500,0.0700000,0.0695700,0.0698900,72150000
FEES,10,20150225,143000,0.0697600,0.0698200,0.0694000,0.0694000,57910000
FEES,10,20150225,144000,0.0694200,0.0694500,0.0690000,0.0692300,50690000
FEES,10,20150225,145000,0.0691300,0.0693000,0.0690500,0.0691800,16900000
FEES,10,20150225,150000,0.0691800,0.0692500,0.0690000,0.0690400,32310000
FEES,10,20150225,151000,0.0690400,0.0693300,0.0690000,0.0691500,61430000
FEES,10,20150225,152000,0.0691400,0.0692500,0.0690100,0.0691500,52900000
FEES,10,20150225,153000,0.0691500,0.0691500,0.0688100,0.0688800,51360000
FEES,10,20150225,154000,0.0688800,0.0691200,0.0686000,0.0687900,147110000
FEES,10,20150225,155000,0.0687700,0.0689200,0.0684600,0.0685200,57600000
FEES,10,20150225,160000,0.0685200,0.0688200,0.0683100,0.0685800,68830000
FEES,10,20150225,161000,0.0685800,0.0687000,0.0683100,0.0685300,51140000
FEES,10,20150225,162000,0.0684800,0.0691200,0.0683300,0.0687100,59210000
FEES,10,20150225,163000,0.0687700,0.0688200,0.0685300,0.0686100,19910000
FEES,10,20150225,164000,0.0686100,0.0688900,0.0686100,0.0687000,12210000
FEES,10,20150225,165000,0.0687500,0.0693300,0.0687000,0.0688500,55210000
FEES,10,20150225,170000,0.0689600,0.0689700,0.0686500,0.0687800,19640000
FEES,10,20150225,171000,0.0687800,0.0693000,0.0687800,0.0692500,38380000
FEES,10,20150225,172000,0.0691800,0.0691900,0.0690200,0.0690300,20700000
FEES,10,20150225,173000,0.0691400,0.0691500,0.0690000,0.0691200,11600000
FEES,10,20150225,174000,0.0691200,0.0696500,0.0691200,0.0695500,89610000
FEES,10,20150225,175000,0.0696000,0.0696400,0.0694000,0.0694200,52090000
FEES,10,20150225,180000,0.0695000,0.0698400,0.0694400,0.0696000,61610000
FEES,10,20150225,181000,0.0695000,0.0697000,0.0695000,0.0696000,57950000
FEES,10,20150225,182000,0.0696000,0.0696900,0.0694700,0.0695700,36840000
FEES,10,20150225,183000,0.0695500,0.0700000,0.0695400,0.0699500,190140000
FEES,10,20150225,184000,0.0699900,0.0715500,0.0699500,0.0714500,1101660000
FEES,10,20150225,185000,0.0716500,0.0716500,0.0716500,0.0716500,21070000
FEES,10,20150226,101000,0.0721800,0.0730400,0.0718500,0.0721800,528580000
FEES,10,20150226,102000,0.0722000,0.0728300,0.0716000,0.0726800,375420000
FEES,10,20150226,103000,0.0725600,0.0727000,0.0717200,0.0721200,135890000
FEES,10,20150226,104000,0.0722500,0.0726000,0.0718200,0.0722000,142710000
FEES,10,20150226,105000,0.0720800,0.0725000,0.0720500,0.0722400,60110000
FEES,10,20150226,110000,0.0722400,0.0729000,0.0722400,0.0727900,266250000
FEES,10,20150226,111000,0.0727900,0.0739900,0.0725000,0.0734200,601310000
FEES,10,20150226,112000,0.0734900,0.0749100,0.0732700,0.0744100,771660000
FEES,10,20150226,113000,0.0745100,0.0745300,0.0737800,0.0738100,131110000
FEES,10,20150226,114000,0.0738100,0.0744900,0.0738000,0.0744800,207020000
FEES,10,20150226,115000,0.0744800,0.0754500,0.0743500,0.0746700,650520000
FEES,10,20150226,120000,0.0746900,0.0754000,0.0746900,0.0752300,659340000
FEES,10,20150226,121000,0.0752400,0.0772500,0.0751200,0.0766700,566200000
FEES,10,20150226,122000,0.0766300,0.0770000,0.0761200,0.0766100,337390000
FEES,10,20150226,123000,0.0766500,0.0770000,0.0761400,0.0765800,245860000
FEES,10,20150226,124000,0.0766000,0.0767600,0.0760500,0.0766500,141280000
FEES,10,20150226,125000,0.0766500,0.0769800,0.0764900,0.0769800,116860000
FEES,10,20150226,130000,0.0769700,0.0770000,0.0765600,0.0769000,168970000
FEES,10,20150226,131000,0.0768900,0.0769000,0.0762400,0.0764900,100970000
FEES,10,20150226,132000,0.0765400,0.0767900,0.0762400,0.0765500,52960000
FEES,10,20150226,133000,0.0765500,0.0767500,0.0762800,0.0766200,25010000
FEES,10,20150226,134000,0.0766800,0.0769800,0.0765400,0.0769200,82390000
FEES,10,20150226,135000,0.0769200,0.0769600,0.0768000,0.0768400,52490000
FEES,10,20150226,140000,0.0768300,0.0769500,0.0768000,0.0769500,15700000
FEES,10,20150226,141000,0.0769400,0.0783000,0.0768600,0.0782000,615390000
FEES,10,20150226,142000,0.0782200,0.0782500,0.0777000,0.0778500,206600000
FEES,10,20150226,143000,0.0778600,0.0779700,0.0775100,0.0777000,107930000
FEES,10,20150226,144000,0.0776200,0.0776900,0.0772100,0.0773500,139200000
FEES,10,20150226,145000,0.0774000,0.0775000,0.0764000,0.0764200,266330000
FEES,10,20150226,150000,0.0764200,0.0775000,0.0763000,0.0763900,164530000
FEES,10,20150226,151000,0.0763600,0.0767800,0.0763200,0.0763500,64920000
FEES,10,20150226,152000,0.0764000,0.0765200,0.0760000,0.0761600,164450000
FEES,10,20150226,153000,0.0762900,0.0767900,0.0761900,0.0766100,65350000
FEES,10,20150226,154000,0.0766200,0.0767000,0.0760000,0.0762500,80590000
FEES,10,20150226,155000,0.0763000,0.0764400,0.0760300,0.0760300,32100000
FEES,10,20150226,160000,0.0761600,0.0762500,0.0757100,0.0758300,56640000
FEES,10,20150226,161000,0.0758100,0.0758200,0.0751500,0.0755100,249270000
FEES,10,20150226,162000,0.0755000,0.0764200,0.0754400,0.0764200,115220000
FEES,10,20150226,163000,0.0764200,0.0770200,0.0759200,0.0760100,130660000
FEES,10,20150226,164000,0.0761500,0.0766400,0.0758100,0.0758800,89450000
FEES,10,20150226,165000,0.0758800,0.0762400,0.0756500,0.0757100,56770000
FEES,10,20150226,170000,0.0756700,0.0760400,0.0756500,0.0758800,24380000
FEES,10,20150226,171000,0.0758700,0.0758800,0.0753700,0.0755400,66650000
FEES,10,20150226,172000,0.0755400,0.0755500,0.0753400,0.0755300,42580000
FEES,10,20150226,173000,0.0755400,0.0759900,0.0754000,0.0758700,31270000
FEES,10,20150226,174000,0.0758100,0.0762000,0.0758000,0.0760500,23320000
FEES,10,20150226,175000,0.0760500,0.0763800,0.0760500,0.0760800,39670000
FEES,10,20150226,180000,0.0761000,0.0764300,0.0760800,0.0764100,14240000
FEES,10,20150226,181000,0.0762700,0.0764400,0.0760200,0.0761300,22320000
FEES,10,20150226,182000,0.0761300,0.0762600,0.0757100,0.0757100,66500000
FEES,10,20150226,183000,0.0757900,0.0762300,0.0756000,0.0762000,52800000
FEES,10,20150226,184000,0.0761000,0.0766900,0.0760300,0.0766800,153500000
FEES,10,20150226,185000,0.0762100,0.0762100,0.0762100,0.0762100,27420000
FEES,10,20150227,101000,0.0755000,0.0774900,0.0754000,0.0772400,378960000
FEES,10,20150227,102000,0.0772600,0.0772600,0.0760300,0.0760300,135940000
FEES,10,20150227,103000,0.0760200,0.0760800,0.0754500,0.0756800,141980000
FEES,10,20150227,104000,0.0758100,0.0763900,0.0755100,0.0761800,57320000
FEES,10,20150227,105000,0.0761800,0.0765000,0.0760200,0.0764000,32160000
FEES,10,20150227,110000,0.0764000,0.0764000,0.0750000,0.0752800,156130000
FEES,10,20150227,111000,0.0752100,0.0755200,0.0747200,0.0755100,183340000
FEES,10,20150227,112000,0.0755000,0.0763000,0.0754900,0.0760400,98450000
FEES,10,20150227,113000,0.0761200,0.0761300,0.0756500,0.0758600,34820000
FEES,10,20150227,114000,0.0758600,0.0760900,0.0755200,0.0760000,43830000
FEES,10,20150227,115000,0.0760000,0.0763800,0.0760000,0.0762500,34070000
FEES,10,20150227,120000,0.0763400,0.0763600,0.0761500,0.0763600,17080000
FEES,10,20150227,121000,0.0762900,0.0773500,0.0762600,0.0771900,114550000
FEES,10,20150227,122000,0.0770800,0.0772500,0.0764300,0.0767000,72190000
FEES,10,20150227,123000,0.0767000,0.0776800,0.0766900,0.0768700,149040000
FEES,10,20150227,124000,0.0769600,0.0771200,0.0767600,0.0768500,42490000
FEES,10,20150227,125000,0.0769000,0.0769900,0.0766000,0.0767500,15930000
FEES,10,20150227,130000,0.0767500,0.0768500,0.0761200,0.0762400,38580000
FEES,10,20150227,131000,0.0762400,0.0766900,0.0755500,0.0759700,110190000
FEES,10,20150227,132000,0.0760800,0.0762300,0.0753500,0.0754900,83180000
FEES,10,20150227,133000,0.0754900,0.0757700,0.0741700,0.0742700,332550000
FEES,10,20150227,134000,0.0742800,0.0750400,0.0742800,0.0747100,109400000
FEES,10,20150227,135000,0.0747100,0.0749000,0.0744000,0.0744900,35030000
FEES,10,20150227,140000,0.0744500,0.0745700,0.0741700,0.0745700,90860000
FEES,10,20150227,141000,0.0744100,0.0748000,0.0741700,0.0747500,113370000
FEES,10,20150227,142000,0.0745800,0.0750000,0.0745800,0.0749000,40180000
FEES,10,20150227,143000,0.0749800,0.0752600,0.0749000,0.0749600,40830000
FEES,10,20150227,144000,0.0749600,0.0752700,0.0749500,0.0752600,23290000
FEES,10,20150227,145000,0.0752500,0.0753900,0.0750200,0.0752900,24640000
FEES,10,20150227,150000,0.0753400,0.0756700,0.0751100,0.0752600,26170000
FEES,10,20150227,151000,0.0751700,0.0752900,0.0746000,0.0747400,64300000
FEES,10,20150227,152000,0.0747500,0.0748500,0.0745200,0.0748500,39950000
FEES,10,20150227,153000,0.0748400,0.0751200,0.0748400,0.0750300,29350000
FEES,10,20150227,154000,0.0750900,0.0753800,0.0749700,0.0752700,19550000
FEES,10,20150227,155000,0.0753500,0.0755400,0.0750100,0.0753200,45850000
FEES,10,20150227,160000,0.0753400,0.0754400,0.0751400,0.0754400,27880000
FEES,10,20150227,161000,0.0754600,0.0754600,0.0747800,0.0748400,38160000
FEES,10,20150227,162000,0.0748700,0.0751400,0.0746300,0.0751400,40950000
FEES,10,20150227,163000,0.0751200,0.0752200,0.0748400,0.0749600,23160000
FEES,10,20150227,164000,0.0749500,0.0753000,0.0745000,0.0751300,98770000
FEES,10,20150227,165000,0.0751500,0.0751500,0.0742100,0.0745100,69660000
FEES,10,20150227,170000,0.0746400,0.0747400,0.0744600,0.0745000,28920000
FEES,10,20150227,171000,0.0744600,0.0745900,0.0743000,0.0743800,28820000
FEES,10,20150227,172000,0.0743000,0.0743100,0.0736900,0.0739400,266160000
FEES,10,20150227,173000,0.0739400,0.0743600,0.0737200,0.0743500,53470000
FEES,10,20150227,174000,0.0743200,0.0744000,0.0740000,0.0740100,57670000
FEES,10,20150227,175000,0.0740000,0.0743300,0.0737400,0.0741200,91390000
FEES,10,20150227,180000,0.0741200,0.0742300,0.0738400,0.0741000,30710000
FEES,10,20150227,181000,0.0741100,0.0747800,0.0739200,0.0746400,83360000
FEES,10,20150227,182000,0.0746400,0.0748900,0.0745600,0.0748000,58040000
FEES,10,20150227,183000,0.0746500,0.0747900,0.0743000,0.0745500,74390000
FEES,10,20150227,184000,0.0746000,0.0748400,0.0743000,0.0744000,78970000
FEES,10,20150227,185000,0.0753500,0.0753500,0.0753500,0.0753500,70670000
FEES,10,20150302,101000,0.0750000,0.0767800,0.0750000,0.0761800,173210000
FEES,10,20150302,102000,0.0761800,0.0762000,0.0755300,0.0755300,56050000
FEES,10,20150302,103000,0.0755300,0.0759800,0.0750900,0.0757300,77730000
FEES,10,20150302,104000,0.0757400,0.0759400,0.0757000,0.0757100,17570000
FEES,10,20150302,105000,0.0757100,0.0760000,0.0756700,0.0757400,69330000
FEES,10,20150302,110000,0.0758800,0.0760000,0.0758100,0.0759600,131160000
FEES,10,20150302,111000,0.0759900,0.0760000,0.0758400,0.0759000,71090000
FEES,10,20150302,112000,0.0759100,0.0759700,0.0756400,0.0758000,46110000
FEES,10,20150302,113000,0.0758900,0.0759300,0.0756200,0.0758000,39550000
FEES,10,20150302,114000,0.0758000,0.0759000,0.0757100,0.0757800,25010000
FEES,10,20150302,115000,0.0757800,0.0759500,0.0757000,0.0759000,23520000
FEES,10,20150302,120000,0.0759000,0.0760000,0.0758300,0.0759100,21170000
FEES,10,20150302,121000,0.0759500,0.0760000,0.0758500,0.0759400,17510000
FEES,10,20150302,122000,0.0758700,0.0759200,0.0758300,0.0758300,3870000
FEES,10,20150302,123000,0.0759000,0.0759200,0.0758300,0.0758400,3930000
FEES,10,20150302,124000,0.0759100,0.0759500,0.0758000,0.0759300,22340000
FEES,10,20150302,125000,0.0759000,0.0759600,0.0758100,0.0759000,21330000
FEES,10,20150302,130000,0.0759400,0.0759900,0.0758400,0.0759000,33160000
FEES,10,20150302,131000,0.0758900,0.0759400,0.0758100,0.0758200,4730000
FEES,10,20150302,132000,0.0758400,0.0759100,0.0757700,0.0758500,5150000
FEES,10,20150302,133000,0.0758100,0.0758400,0.0756700,0.0758300,173720000
FEES,10,20150302,134000,0.0757500,0.0758300,0.0756600,0.0756800,15230000
FEES,10,20150302,135000,0.0757300,0.0758000,0.0756900,0.0757200,5480000
FEES,10,20150302,140000,0.0757900,0.0758000,0.0757200,0.0757200,1820000
FEES,10,20150302,141000,0.0757700,0.0759400,0.0756500,0.0758300,28570000
FEES,10,20150302,142000,0.0758900,0.0759000,0.0758000,0.0758100,8380000
FEES,10,20150302,143000,0.0758000,0.0758000,0.0756500,0.0757400,2860000
FEES,10,20150302,144000,0.0757400,0.0757800,0.0747500,0.0747500,96770000
FEES,10,20150302,145000,0.0747900,0.0754900,0.0746300,0.0752100,76360000
FEES,10,20150302,150000,0.0752100,0.0754800,0.0748000,0.0748000,28450000
FEES,10,20150302,151000,0.0748200,0.0749600,0.0745600,0.0749400,25540000
FEES,10,20150302,152000,0.0749100,0.0752700,0.0749100,0.0751000,21990000
FEES,10,20150302,153000,0.0751000,0.0753100,0.0749700,0.0752000,8200000
FEES,10,20150302,154000,0.0753000,0.0754700,0.0751600,0.0751600,28940000
FEES,10,20150302,155000,0.0753400,0.0754500,0.0753100,0.0754500,8180000
FEES,10,20150302,160000,0.0754000,0.0754500,0.0752400,0.0752700,4890000
FEES,10,20150302,161000,0.0752700,0.0753800,0.0750500,0.0750500,20250000
FEES,10,20150302,162000,0.0751500,0.0753200,0.0748800,0.0750100,52710000
FEES,10,20150302,163000,0.0751100,0.0751400,0.0747300,0.0747300,7440000
FEES,10,20150302,164000,0.0747100,0.0750200,0.0746100,0.0746200,23170000
FEES,10,20150302,165000,0.0746500,0.0748800,0.0746200,0.0748800,10390000
FEES,10,20150302,170000,0.0747900,0.0750000,0.0747800,0.0749000,34920000
FEES,10,20150302,171000,0.0748600,0.0749800,0.0743700,0.0745700,66430000
FEES,10,20150302,172000,0.0744700,0.0748100,0.0744500,0.0747000,14740000
FEES,10,20150302,173000,0.0747700,0.0747800,0.0746200,0.0746400,22030000
FEES,10,20150302,174000,0.0747400,0.0747500,0.0745000,0.0745600,28930000
FEES,10,20150302,175000,0.0745700,0.0748300,0.0745600,0.0747800,10560000
FEES,10,20150302,180000,0.0747600,0.0747900,0.0746500,0.0747900,3610000
FEES,10,20150302,181000,0.0746700,0.0749100,0.0746200,0.0747700,31010000
FEES,10,20150302,182000,0.0747800,0.0748000,0.0740800,0.0744800,93950000
FEES,10,20150302,183000,0.0743800,0.0745900,0.0742500,0.0744000,50730000
FEES,10,20150302,184000,0.0743200,0.0746000,0.0742000,0.0743000,97710000
FEES,10,20150302,185000,0.0745200,0.0745200,0.0745200,0.0745200,1920000
FEES,10,20150303,101000,0.0745100,0.0747200,0.0738000,0.0743600,51890000
FEES,10,20150303,102000,0.0745000,0.0746800,0.0741600,0.0745800,38440000
FEES,10,20150303,103000,0.0746800,0.0747300,0.0742000,0.0742000,25200000
FEES,10,20150303,104000,0.0742500,0.0745500,0.0741800,0.0742600,31420000
FEES,10,20150303,105000,0.0742500,0.0742500,0.0739000,0.0739500,61290000
FEES,10,20150303,110000,0.0740600,0.0742200,0.0731500,0.0737100,168060000
FEES,10,20150303,111000,0.0737100,0.0741500,0.0735600,0.0740300,58880000
FEES,10,20150303,112000,0.0741200,0.0746000,0.0739700,0.0743100,46880000
FEES,10,20150303,113000,0.0743100,0.0743100,0.0738300,0.0739700,25470000
FEES,10,20150303,114000,0.0740200,0.0745500,0.0740100,0.0744300,22960000
FEES,10,20150303,115000,0.0744500,0.0745000,0.0742600,0.0744000,16890000
FEES,10,20150303,120000,0.0744100,0.0744500,0.0742000,0.0743800,28580000
FEES,10,20150303,121000,0.0743800,0.0751600,0.0742300,0.0749500,114270000
FEES,10,20150303,122000,0.0749700,0.0752000,0.0747300,0.0747400,57270000
FEES,10,20150303,123000,0.0747500,0.0752200,0.0747300,0.0752200,50420000
FEES,10,20150303,124000,0.0752200,0.0753500,0.0748100,0.0749300,66600000
FEES,10,20150303,125000,0.0748900,0.0750000,0.0748000,0.0748500,67150000
FEES,10,20150303,130000,0.0748500,0.0750000,0.0748300,0.0750000,95490000
FEES,10,20150303,131000,0.0750000,0.0750000,0.0746000,0.0748300,96070000
FEES,10,20150303,132000,0.0748400,0.0749200,0.0746000,0.0746300,12260000
FEES,10,20150303,133000,0.0746700,0.0748400,0.0746000,0.0747100,24460000
FEES,10,20150303,134000,0.0746400,0.0748800,0.0746000,0.0748600,13020000
FEES,10,20150303,135000,0.0748800,0.0748900,0.0744600,0.0746300,26830000
FEES,10,20150303,140000,0.0746100,0.0746400,0.0745500,0.0746400,1210000
FEES,10,20150303,141000,0.0745500,0.0746600,0.0744900,0.0745100,3840000
FEES,10,20150303,142000,0.0745200,0.0745200,0.0742100,0.0743900,32610000
FEES,10,20150303,143000,0.0744000,0.0745600,0.0741000,0.0741800,39480000
FEES,10,20150303,144000,0.0741500,0.0742900,0.0741000,0.0741600,11500000
FEES,10,20150303,145000,0.0742800,0.0744800,0.0742100,0.0744200,6100000
FEES,10,20150303,150000,0.0744100,0.0746400,0.0743000,0.0744200,9470000
FEES,10,20150303,151000,0.0744200,0.0746600,0.0744200,0.0746400,6420000
FEES,10,20150303,152000,0.0745200,0.0747800,0.0745200,0.0747000,3090000
FEES,10,20150303,153000,0.0747400,0.0747500,0.0746100,0.0747500,4990000
FEES,10,20150303,154000,0.0747500,0.0747500,0.0744000,0.0744000,10730000
FEES,10,20150303,155000,0.0744400,0.0747000,0.0744400,0.0747000,6540000
FEES,10,20150303,160000,0.0746600,0.0746600,0.0744100,0.0746600,11910000
FEES,10,20150303,161000,0.0746600,0.0748400,0.0744700,0.0747100,37460000
FEES,10,20150303,162000,0.0747700,0.0748400,0.0746800,0.0747900,23720000
FEES,10,20150303,163000,0.0748100,0.0748200,0.0747300,0.0748100,10300000
FEES,10,20150303,164000,0.0747800,0.0750000,0.0747100,0.0749100,44670000
FEES,10,20150303,165000,0.0749200,0.0749600,0.0742700,0.0744700,86870000
FEES,10,20150303,170000,0.0744900,0.0747500,0.0743400,0.0744400,67790000
FEES,10,20150303,171000,0.0746300,0.0746400,0.0744600,0.0745500,13840000
FEES,10,20150303,172000,0.0745400,0.0745400,0.0743100,0.0743700,32990000
FEES,10,20150303,173000,0.0743500,0.0758700,0.0739400,0.0747700,377090000
FEES,10,20150303,174000,0.0747800,0.0750000,0.0746600,0.0749200,32440000
FEES,10,20150303,175000,0.0748400,0.0749300,0.0744000,0.0744100,53800000
FEES,10,20150303,180000,0.0744600,0.0744700,0.0742300,0.0744500,29870000
FEES,10,20150303,181000,0.0743400,0.0744900,0.0740000,0.0743800,75520000
FEES,10,20150303,182000,0.0743200,0.0747600,0.0742700,0.0747600,57130000
FEES,10,20150303,183000,0.0748000,0.0754000,0.0747000,0.0754000,116630000
FEES,10,20150303,184000,0.0752900,0.0756900,0.0750300,0.0756700,143990000
FEES,10,20150303,185000,0.0757000,0.0757000,0.0757000,0.0757000,16730000
FEES,10,20150304,101000,0.0757000,0.0771900,0.0752200,0.0768600,181920000
FEES,10,20150304,102000,0.0767600,0.0768700,0.0762400,0.0763800,84360000
FEES,10,20150304,103000,0.0763400,0.0767200,0.0761300,0.0763400,40850000
FEES,10,20150304,104000,0.0763000,0.0765600,0.0761300,0.0764800,32550000
FEES,10,20150304,105000,0.0763300,0.0764700,0.0762000,0.0762000,14030000
FEES,10,20150304,110000,0.0762900,0.0764500,0.0761500,0.0763500,44710000
FEES,10,20150304,111000,0.0763500,0.0764000,0.0761700,0.0762500,27390000
FEES,10,20150304,112000,0.0762600,0.0763400,0.0759200,0.0759200,60120000
FEES,10,20150304,113000,0.0759200,0.0761500,0.0758300,0.0760000,32000000
FEES,10,20150304,114000,0.0759900,0.0761500,0.0758500,0.0760000,10150000
FEES,10,20150304,115000,0.0760200,0.0760900,0.0752200,0.0753200,75660000
FEES,10,20150304,120000,0.0752400,0.0757100,0.0752200,0.0754700,27850000
FEES,10,20150304,121000,0.0754700,0.0755400,0.0752400,0.0755400,24480000
FEES,10,20150304,122000,0.0755300,0.0756400,0.0753700,0.0756400,2850000
FEES,10,20150304,123000,0.0756400,0.0756400,0.0753400,0.0755600,6950000
FEES,10,20150304,124000,0.0755600,0.0755700,0.0753600,0.0753900,8800000
FEES,10,20150304,125000,0.0754000,0.0754800,0.0751000,0.0752000,26000000
FEES,10,20150304,130000,0.0753100,0.0758000,0.0752600,0.0757500,55130000
FEES,10,20150304,131000,0.0757600,0.0762700,0.0754300,0.0758800,82940000
FEES,10,20150304,132000,0.0758800,0.0760700,0.0758800,0.0760000,30800000
FEES,10,20150304,133000,0.0760400,0.0761600,0.0760000,0.0761500,9680000
FEES,10,20150304,134000,0.0761500,0.0769600,0.0761500,0.0767000,149390000
FEES,10,20150304,135000,0.0767000,0.0769000,0.0766200,0.0768200,26400000
FEES,10,20150304,140000,0.0767300,0.0767900,0.0765900,0.0766000,25980000
FEES,10,20150304,141000,0.0766600,0.0781000,0.0765600,0.0780000,294640000
FEES,10,20150304,142000,0.0780000,0.0794900,0.0780000,0.0794400,727230000
FEES,10,20150304,143000,0.0794200,0.0797800,0.0789200,0.0797200,208780000
FEES,10,20150304,144000,0.0796700,0.0797700,0.0788500,0.0791400,186980000
FEES,10,20150304,145000,0.0792000,0.0792100,0.0785900,0.0787100,60590000
FEES,10,20150304,150000,0.0786900,0.0791600,0.0785100,0.0790000,81720000
FEES,10,20150304,151000,0.0790300,0.0794500,0.0789100,0.0791500,76580000
FEES,10,20150304,152000,0.0790800,0.0791900,0.0787500,0.0789300,51250000
FEES,10,20150304,153000,0.0789200,0.0791400,0.0788200,0.0789700,21840000
FEES,10,20150304,154000,0.0790000,0.0791200,0.0789300,0.0790200,12550000
FEES,10,20150304,155000,0.0790100,0.0796900,0.0789700,0.0794300,60870000
FEES,10,20150304,160000,0.0794500,0.0802600,0.0794000,0.0799600,416680000
FEES,10,20150304,161000,0.0799700,0.0803900,0.0797100,0.0801000,243720000
FEES,10,20150304,162000,0.0800700,0.0801900,0.0783200,0.0796600,254500000
FEES,10,20150304,163000,0.0797000,0.0797000,0.0790000,0.0790100,104430000
FEES,10,20150304,164000,0.0790200,0.0790200,0.0786500,0.0788900,60880000
FEES,10,20150304,165000,0.0789400,0.0789900,0.0785500,0.0785500,48400000
FEES,10,20150304,170000,0.0786700,0.0789500,0.0785600,0.0789200,33960000
FEES,10,20150304,171000,0.0789200,0.0789700,0.0784800,0.0787200,64470000
FEES,10,20150304,172000,0.0787300,0.0787300,0.0782000,0.0784000,86110000
FEES,10,20150304,173000,0.0784000,0.0787500,0.0784000,0.0787000,64200000
FEES,10,20150304,174000,0.0786700,0.0787900,0.0784000,0.0784100,78540000
FEES,10,20150304,175000,0.0784000,0.0784100,0.0776300,0.0780500,162600000
FEES,10,20150304,180000,0.0781200,0.0783400,0.0780000,0.0780100,58230000
FEES,10,20150304,181000,0.0780100,0.0780900,0.0776500,0.0779900,53670000
FEES,10,20150304,182000,0.0779300,0.0779700,0.0776100,0.0777000,37580000
FEES,10,20150304,183000,0.0777700,0.0778000,0.0772000,0.0772900,117150000
FEES,10,20150304,184000,0.0772300,0.0777700,0.0769900,0.0777700,222170000
FEES,10,20150304,185000,0.0777700,0.0777700,0.0777700,0.0777700,8480000
FEES,10,20150305,101000,0.0783200,0.0789000,0.0778900,0.0784000,197390000
FEES,10,20150305,102000,0.0784000,0.0789000,0.0775200,0.0778000,200310000
FEES,10,20150305,103000,0.0777400,0.0784000,0.0777100,0.0780500,41750000
FEES,10,20150305,104000,0.0781900,0.0782200,0.0778000,0.0780200,13180000
FEES,10,20150305,105000,0.0779900,0.0779900,0.0765000,0.0771000,178760000
FEES,10,20150305,110000,0.0770700,0.0776700,0.0769400,0.0769600,59570000
FEES,10,20150305,111000,0.0769200,0.0769400,0.0755900,0.0761300,417070000
FEES,10,20150305,112000,0.0760500,0.0764600,0.0759900,0.0761100,48010000
FEES,10,20150305,113000,0.0760100,0.0761200,0.0757700,0.0760400,52420000
FEES,10,20150305,114000,0.0759400,0.0762000,0.0759100,0.0761300,80880000
FEES,10,20150305,115000,0.0761400,0.0764700,0.0761400,0.0763900,52940000
FEES,10,20150305,120000,0.0763100,0.0766100,0.0762500,0.0765700,23220000
FEES,10,20150305,121000,0.0764900,0.0767000,0.0764000,0.0765500,29180000
FEES,10,20150305,122000,0.0766200,0.0768100,0.0765100,0.0766700,52640000
FEES,10,20150305,123000,0.0766900,0.0771400,0.0765700,0.0770000,98100000
FEES,10,20150305,124000,0.0770000,0.0773900,0.0768400,0.0769700,107550000
FEES,10,20150305,125000,0.0769600,0.0771400,0.0767100,0.0768100,45600000
FEES,10,20150305,130000,0.0767300,0.0770800,0.0766300,0.0770800,15070000
FEES,10,20150305,131000,0.0769400,0.0778000,0.0769300,0.0778000,33250000
FEES,10,20150305,132000,0.0778000,0.0780000,0.0776000,0.0780000,73910000
FEES,10,20150305,133000,0.0779900,0.0780000,0.0773600,0.0774000,79760000
FEES,10,20150305,134000,0.0773600,0.0775000,0.0770900,0.0774600,24930000
FEES,10,20150305,135000,0.0774700,0.0778500,0.0773300,0.0777000,18800000
FEES,10,20150305,140000,0.0777500,0.0778500,0.0775100,0.0775100,13870000
FEES,10,20150305,141000,0.0776200,0.0783500,0.0775100,0.0782000,74580000
FEES,10,20150305,142000,0.0782600,0.0784000,0.0780400,0.0782600,31800000
FEES,10,20150305,143000,0.0780900,0.0783700,0.0780200,0.0783700,5520000
FEES,10,20150305,144000,0.0783700,0.0784000,0.0780600,0.0782400,22800000
FEES,10,20150305,145000,0.0782000,0.0785000,0.0781800,0.0782700,38470000
FEES,10,20150305,150000,0.0782700,0.0787900,0.0782700,0.0785900,70970000
FEES,10,20150305,151000,0.0786800,0.0789200,0.0781100,0.0781700,100510000
FEES,10,20150305,152000,0.0783300,0.0783500,0.0772500,0.0773600,120550000
FEES,10,20150305,153000,0.0773600,0.0773600,0.0765600,0.0765800,66220000
FEES,10,20150305,154000,0.0765600,0.0771700,0.0765500,0.0771000,107830000
FEES,10,20150305,155000,0.0771000,0.0772000,0.0768100,0.0769300,44660000
FEES,10,20150305,160000,0.0771000,0.0774000,0.0770300,0.0774000,55910000
FEES,10,20150305,161000,0.0773000,0.0775000,0.0773000,0.0774300,24060000
FEES,10,20150305,162000,0.0773200,0.0775600,0.0772300,0.0774200,20610000
FEES,10,20150305,163000,0.0774000,0.0775500,0.0773000,0.0773900,22420000
FEES,10,20150305,164000,0.0773800,0.0774700,0.0767600,0.0771500,47260000
FEES,10,20150305,165000,0.0770200,0.0773400,0.0770200,0.0773200,8410000
FEES,10,20150305,170000,0.0772300,0.0773600,0.0767700,0.0768300,11060000
FEES,10,20150305,171000,0.0768300,0.0772100,0.0767800,0.0772000,48250000
FEES,10,20150305,172000,0.0772300,0.0774700,0.0771000,0.0773100,18080000
FEES,10,20150305,173000,0.0773200,0.0773400,0.0771000,0.0771500,4710000
FEES,10,20150305,174000,0.0772800,0.0774900,0.0772800,0.0774500,25400000
FEES,10,20150305,175000,0.0773600,0.0775000,0.0772100,0.0775000,28810000
FEES,10,20150305,180000,0.0775000,0.0775000,0.0773200,0.0774000,20080000
FEES,10,20150305,181000,0.0774000,0.0774000,0.0770400,0.0772700,15410000
FEES,10,20150305,182000,0.0771100,0.0772600,0.0768100,0.0770000,30950000
FEES,10,20150305,183000,0.0769900,0.0771800,0.0768200,0.0771400,44440000
FEES,10,20150305,184000,0.0770500,0.0782500,0.0769400,0.0780000,203410000
FEES,10,20150305,185000,0.0775500,0.0775500,0.0775500,0.0775500,4040000
FEES,10,20150306,101000,0.0779000,0.0787700,0.0777700,0.0785000,87600000
FEES,10,20150306,102000,0.0783300,0.0785000,0.0777600,0.0779300,43400000
FEES,10,20150306,103000,0.0778100,0.0779400,0.0776000,0.0776100,18780000
FEES,10,20150306,104000,0.0775800,0.0779000,0.0775600,0.0779000,4420000
FEES,10,20150306,105000,0.0778300,0.0781600,0.0778300,0.0780000,8550000
FEES,10,20150306,110000,0.0780000,0.0783600,0.0779700,0.0782600,17670000
FEES,10,20150306,111000,0.0780700,0.0782400,0.0775600,0.0777200,58960000
FEES,10,20150306,112000,0.0778100,0.0781300,0.0776200,0.0779600,62790000
FEES,10,20150306,113000,0.0778200,0.0778400,0.0772000,0.0774400,70280000
FEES,10,20150306,114000,0.0774400,0.0777300,0.0772200,0.0775700,20050000
FEES,10,20150306,115000,0.0775800,0.0780300,0.0773900,0.0775200,55380000
FEES,10,20150306,120000,0.0775900,0.0775900,0.0772000,0.0773900,6730000
FEES,10,20150306,121000,0.0772800,0.0778000,0.0769200,0.0773900,60000000
FEES,10,20150306,122000,0.0773900,0.0773900,0.0769300,0.0769600,44360000
FEES,10,20150306,123000,0.0769900,0.0771800,0.0766500,0.0770000,52140000
FEES,10,20150306,124000,0.0768400,0.0771000,0.0761600,0.0764200,110840000
FEES,10,20150306,125000,0.0764200,0.0765500,0.0762800,0.0762800,11310000
FEES,10,20150306,130000,0.0762700,0.0764600,0.0762500,0.0764600,16980000
FEES,10,20150306,131000,0.0763600,0.0766100,0.0761000,0.0763800,45460000
FEES,10,20150306,132000,0.0764000,0.0765500,0.0762300,0.0763600,3770000
FEES,10,20150306,133000,0.0765400,0.0768400,0.0765000,0.0767000,29900000
FEES,10,20150306,134000,0.0766600,0.0766600,0.0761500,0.0762400,18930000
FEES,10,20150306,135000,0.0761700,0.0765600,0.0761000,0.0762200,38650000
FEES,10,20150306,140000,0.0762000,0.0763800,0.0761600,0.0763500,6550000
FEES,10,20150306,141000,0.0762100,0.0763700,0.0755500,0.0758300,99430000
FEES,10,20150306,142000,0.0758500,0.0761700,0.0758500,0.0761700,18280000
FEES,10,20150306,143000,0.0760300,0.0760300,0.0758200,0.0760000,7190000
FEES,10,20150306,144000,0.0759200,0.0760000,0.0757300,0.0759400,5030000
FEES,10,20150306,145000,0.0759900,0.0761700,0.0759700,0.0761600,19830000
FEES,10,20150306,150000,0.0760700,0.0761800,0.0759300,0.0761800,7010000
FEES,10,20150306,151000,0.0760700,0.0765800,0.0760500,0.0765000,17480000
FEES,10,20150306,152000,0.0764100,0.0765800,0.0763000,0.0765300,5930000
FEES,10,20150306,153000,0.0763600,0.0765800,0.0763500,0.0765800,6600000
FEES,10,20150306,154000,0.0765900,0.0767800,0.0765900,0.0766200,20250000
FEES,10,20150306,155000,0.0766800,0.0767600,0.0763900,0.0767600,7350000
FEES,10,20150306,160000,0.0766300,0.0767700,0.0765300,0.0765600,2600000
FEES,10,20150306,161000,0.0765600,0.0766700,0.0763700,0.0764800,7250000
FEES,10,20150306,162000,0.0764600,0.0767500,0.0764500,0.0765700,16840000
FEES,10,20150306,163000,0.0766600,0.0766600,0.0766400,0.0766400,240000
FEES,10,20150306,164000,0.0766100,0.0766300,0.0764500,0.0765500,18530000
FEES,10,20150306,165000,0.0766000,0.0766900,0.0765300,0.0766900,17520000
FEES,10,20150306,170000,0.0765900,0.0771900,0.0765000,0.0765900,59780000
FEES,10,20150306,171000,0.0765900,0.0767200,0.0765600,0.0766400,10990000
FEES,10,20150306,172000,0.0765700,0.0766600,0.0759200,0.0760000,71410000
FEES,10,20150306,173000,0.0760000,0.0763100,0.0758000,0.0760800,52350000
FEES,10,20150306,174000,0.0761900,0.0762000,0.0757700,0.0758100,46620000
FEES,10,20150306,175000,0.0758100,0.0761600,0.0757900,0.0760000,37660000
FEES,10,20150306,180000,0.0759700,0.0761500,0.0758500,0.0759600,17030000
FEES,10,20150306,181000,0.0759600,0.0760900,0.0758800,0.0759400,22770000
FEES,10,20150306,182000,0.0759200,0.0760300,0.0757800,0.0759100,38070000
FEES,10,20150306,183000,0.0759000,0.0761700,0.0758200,0.0761700,34650000
FEES,10,20150306,184000,0.0761700,0.0762200,0.0758600,0.0758900,31030000
FEES,10,20150306,185000,0.0755500,0.0755500,0.0755500,0.0755500,51510000
FEES,10,20150310,101000,0.0739900,0.0754000,0.0735400,0.0743000,193950000
FEES,10,20150310,102000,0.0741900,0.0743500,0.0734500,0.0737500,136930000
FEES,10,20150310,103000,0.0737700,0.0742300,0.0737700,0.0742300,36210000
FEES,10,20150310,104000,0.0742300,0.0743300,0.0741200,0.0743100,30780000
FEES,10,20150310,105000,0.0743000,0.0743300,0.0740000,0.0740700,53520000
FEES,10,20150310,110000,0.0740000,0.0742600,0.0737700,0.0741800,68930000
FEES,10,20150310,111000,0.0741700,0.0742300,0.0733700,0.0738900,136620000
FEES,10,20150310,112000,0.0739900,0.0740000,0.0734500,0.0735000,273220000
FEES,10,20150310,113000,0.0735000,0.0735000,0.0731500,0.0734300,88170000
FEES,10,20150310,114000,0.0734300,0.0738800,0.0733300,0.0737000,91930000
FEES,10,20150310,115000,0.0736500,0.0738800,0.0734900,0.0734900,98120000
FEES,10,20150310,120000,0.0735600,0.0735800,0.0734400,0.0735000,7600000
FEES,10,20150310,121000,0.0734900,0.0737000,0.0733300,0.0736400,41710000
FEES,10,20150310,122000,0.0736400,0.0736800,0.0734800,0.0735000,24250000
FEES,10,20150310,123000,0.0735000,0.0735800,0.0732600,0.0734400,48080000
FEES,10,20150310,124000,0.0734400,0.0735800,0.0730800,0.0733900,118270000
FEES,10,20150310,125000,0.0733400,0.0735500,0.0732400,0.0733700,34900000
FEES,10,20150310,130000,0.0732300,0.0733700,0.0730100,0.0731000,48010000
FEES,10,20150310,131000,0.0731000,0.0731900,0.0725500,0.0727400,98300000
FEES,10,20150310,132000,0.0727300,0.0729900,0.0725100,0.0728000,59960000
FEES,10,20150310,133000,0.0727900,0.0728500,0.0727000,0.0728300,26540000
FEES,10,20150310,134000,0.0727800,0.0729700,0.0727600,0.0729700,12620000
FEES,10,20150310,135000,0.0729700,0.0730500,0.0728500,0.0730500,22040000
FEES,10,20150310,140000,0.0730300,0.0731500,0.0729200,0.0729600,22240000
FEES,10,20150310,141000,0.0730000,0.0732000,0.0729000,0.0731500,13450000
FEES,10,20150310,142000,0.0731500,0.0731500,0.0728700,0.0729700,28740000
FEES,10,20150310,143000,0.0729500,0.0731500,0.0729200,0.0729200,26510000
FEES,10,20150310,144000,0.0729200,0.0729800,0.0723500,0.0725800,132510000
FEES,10,20150310,145000,0.0725000,0.0727100,0.0723600,0.0725200,116880000
FEES,10,20150310,150000,0.0725600,0.0727800,0.0723600,0.0725200,136480000
FEES,10,20150310,151000,0.0725000,0.0725200,0.0710000,0.0712000,487560000
FEES,10,20150310,152000,0.0712000,0.0712400,0.0698500,0.0701500,623020000
FEES,10,20150310,153000,0.0701500,0.0703000,0.0699100,0.0701000,293270000
FEES,10,20150310,154000,0.0700900,0.0704900,0.0699500,0.0700300,156320000
FEES,10,20150310,155000,0.0700000,0.0700500,0.0693400,0.0698100,195130000
FEES,10,20150310,160000,0.0696600,0.0699000,0.0696000,0.0698900,20590000
FEES,10,20150310,161000,0.0698900,0.0699500,0.0693600,0.0696800,91440000
FEES,10,20150310,162000,0.0696900,0.0699000,0.0694900,0.0699000,27800000
FEES,10,20150310,163000,0.0698400,0.0699700,0.0698100,0.0699700,15810000
FEES,10,20150310,164000,0.0699700,0.0699900,0.0697500,0.0699100,23720000
FEES,10,20150310,165000,0.0699000,0.0699900,0.0694000,0.0695400,54150000
FEES,10,20150310,170000,0.0694300,0.0695300,0.0686700,0.0692900,183270000
FEES,10,20150310,171000,0.0692800,0.0701000,0.0691600,0.0700500,229630000
FEES,10,20150310,172000,0.0700400,0.0700900,0.0694800,0.0697100,111580000
FEES,10,20150310,173000,0.0696400,0.0699900,0.0696200,0.0697800,112560000
FEES,10,20150310,174000,0.0696700,0.0698400,0.0694500,0.0694500,49590000
FEES,10,20150310,175000,0.0695200,0.0699500,0.0694300,0.0699400,50650000
FEES,10,20150310,180000,0.0698600,0.0700000,0.0697200,0.0699600,56720000
FEES,10,20150310,181000,0.0699400,0.0699700,0.0697200,0.0697800,47900000
FEES,10,20150310,182000,0.0697200,0.0698200,0.0695500,0.0696600,32090000
FEES,10,20150310,183000,0.0696700,0.0699400,0.0696600,0.0699000,96290000
FEES,10,20150310,184000,0.0698900,0.0701000,0.0697500,0.0699100,453930000
FEES,10,20150310,185000,0.0699900,0.0699900,0.0699900,0.0699900,126380000
FEES,10,20150311,101000,0.0685900,0.0700000,0.0673200,0.0693800,135180000
FEES,10,20150311,102000,0.0693900,0.0697400,0.0684400,0.0691000,246440000
FEES,10,20150311,103000,0.0691100,0.0695000,0.0685600,0.0694100,119820000
FEES,10,20150311,104000,0.0694100,0.0699400,0.0693000,0.0697800,56000000
FEES,10,20150311,105000,0.0697900,0.0707900,0.0697200,0.0704800,165260000
FEES,10,20150311,110000,0.0704800,0.0711700,0.0703200,0.0709600,130380000
FEES,10,20150311,111000,0.0709600,0.0717000,0.0709600,0.0711700,244030000
FEES,10,20150311,112000,0.0713000,0.0715700,0.0711400,0.0711400,90230000
FEES,10,20150311,113000,0.0711500,0.0713800,0.0707700,0.0713800,58280000
FEES,10,20150311,114000,0.0713800,0.0714600,0.0704200,0.0704200,57010000
FEES,10,20150311,115000,0.0704200,0.0712000,0.0703900,0.0707100,59360000
FEES,10,20150311,120000,0.0707300,0.0714700,0.0705600,0.0713200,58430000
FEES,10,20150311,121000,0.0713200,0.0714300,0.0711400,0.0713200,32670000
FEES,10,20150311,122000,0.0712100,0.0714000,0.0712000,0.0713200,18830000
FEES,10,20150311,123000,0.0712000,0.0713000,0.0708400,0.0710000,38830000
FEES,10,20150311,124000,0.0709900,0.0714200,0.0708800,0.0711400,36520000
FEES,10,20150311,125000,0.0711200,0.0712200,0.0707600,0.0711700,36300000
FEES,10,20150311,130000,0.0711800,0.0711800,0.0705400,0.0707900,32370000
FEES,10,20150311,131000,0.0708000,0.0711500,0.0707200,0.0710000,19510000
FEES,10,20150311,132000,0.0708800,0.0717000,0.0708200,0.0716400,69530000
FEES,10,20150311,133000,0.0715400,0.0727000,0.0715100,0.0726800,196290000
FEES,10,20150311,134000,0.0726800,0.0726800,0.0718800,0.0722400,67860000
FEES,10,20150311,135000,0.0722500,0.0722900,0.0720700,0.0721400,37360000
FEES,10,20150311,140000,0.0721400,0.0722600,0.0720800,0.0722200,73260000
FEES,10,20150311,141000,0.0722200,0.0735900,0.0722200,0.0732000,407280000
FEES,10,20150311,142000,0.0732000,0.0734000,0.0728400,0.0732100,131050000
FEES,10,20150311,143000,0.0732800,0.0733500,0.0728900,0.0731500,98190000
FEES,10,20150311,144000,0.0730800,0.0732900,0.0730000,0.0731500,74650000
FEES,10,20150311,145000,0.0731500,0.0731500,0.0727200,0.0727200,59440000
FEES,10,20150311,150000,0.0728400,0.0728800,0.0726400,0.0727100,38710000
FEES,10,20150311,151000,0.0728000,0.0731000,0.0727000,0.0730000,47890000
FEES,10,20150311,152000,0.0730000,0.0731600,0.0729000,0.0731600,60310000
FEES,10,20150311,153000,0.0731600,0.0742000,0.0731400,0.0740300,252040000
FEES,10,20150311,154000,0.0740000,0.0741800,0.0736000,0.0738600,108860000
FEES,10,20150311,155000,0.0738600,0.0741700,0.0736400,0.0738500,73740000
FEES,10,20150311,160000,0.0738600,0.0742600,0.0738600,0.0742100,104190000
FEES,10,20150311,161000,0.0742100,0.0744500,0.0740300,0.0744200,105480000
FEES,10,20150311,162000,0.0744200,0.0744700,0.0742000,0.0742300,56530000
FEES,10,20150311,163000,0.0742300,0.0743800,0.0740200,0.0743600,39510000
FEES,10,20150311,164000,0.0743300,0.0747400,0.0741700,0.0746000,113650000
FEES,10,20150311,165000,0.0746000,0.0746000,0.0743600,0.0745400,29750000
FEES,10,20150311,170000,0.0744400,0.0745700,0.0736600,0.0739500,159450000
FEES,10,20150311,171000,0.0739700,0.0746800,0.0739600,0.0746300,156190000
FEES,10,20150311,172000,0.0745800,0.0750000,0.0745800,0.0747600,188440000
FEES,10,20150311,173000,0.0748400,0.0752200,0.0747100,0.0748600,199080000
FEES,10,20150311,174000,0.0748800,0.0749700,0.0744700,0.0745100,69010000
FEES,10,20150311,175000,0.0745100,0.0745900,0.0737000,0.0739500,286900000
FEES,10,20150311,180000,0.0739500,0.0744500,0.0739500,0.0740900,88310000
FEES,10,20150311,181000,0.0740900,0.0743800,0.0739000,0.0743600,67090000
FEES,10,20150311,182000,0.0743200,0.0748000,0.0743000,0.0747600,68360000
FEES,10,20150311,183000,0.0747500,0.0748000,0.0742200,0.0746400,122540000
FEES,10,20150311,184000,0.0746400,0.0750000,0.0737500,0.0742300,261890000
FEES,10,20150311,185000,0.0743000,0.0743000,0.0743000,0.0743000,24680000
FEES,10,20150312,101000,0.0751800,0.0757500,0.0745100,0.0745700,191370000
FEES,10,20150312,102000,0.0745700,0.0749000,0.0737000,0.0737700,140850000
FEES,10,20150312,103000,0.0737300,0.0743900,0.0737100,0.0743600,76990000
FEES,10,20150312,104000,0.0743800,0.0744500,0.0741000,0.0742600,19150000
FEES,10,20150312,105000,0.0742700,0.0743700,0.0738400,0.0739100,69030000
FEES,10,20150312,110000,0.0739100,0.0741600,0.0739000,0.0739000,50360000
FEES,10,20150312,111000,0.0739000,0.0743000,0.0732600,0.0743000,151630000
FEES,10,20150312,112000,0.0743000,0.0744900,0.0742000,0.0744700,62140000
FEES,10,20150312,113000,0.0744700,0.0745900,0.0742000,0.0743300,95200000
FEES,10,20150312,114000,0.0743300,0.0745900,0.0742000,0.0744700,46140000
FEES,10,20150312,115000,0.0744700,0.0745900,0.0743700,0.0745900,31950000
FEES,10,20150312,120000,0.0745900,0.0749000,0.0744300,0.0749000,66650000
FEES,10,20150312,121000,0.0749000,0.0769400,0.0748500,0.0765900,532380000
FEES,10,20150312,122000,0.0766900,0.0768100,0.0761100,0.0762800,79750000
FEES,10,20150312,123000,0.0762700,0.0763700,0.0758000,0.0760900,117980000
FEES,10,20150312,124000,0.0761900,0.0766200,0.0760800,0.0762700,39540000
FEES,10,20150312,125000,0.0763600,0.0765900,0.0762100,0.0765900,53790000
FEES,10,20150312,130000,0.0765200,0.0769700,0.0765000,0.0768900,124590000
FEES,10,20150312,131000,0.0767800,0.0769400,0.0765000,0.0768700,34440000
FEES,10,20150312,132000,0.0768900,0.0778000,0.0767600,0.0776000,290730000
FEES,10,20150312,133000,0.0776000,0.0776100,0.0772900,0.0775800,77730000
FEES,10,20150312,134000,0.0775900,0.0776000,0.0772900,0.0774900,35730000
FEES,10,20150312,135000,0.0774900,0.0776500,0.0771000,0.0773600,48210000
FEES,10,20150312,140000,0.0773000,0.0773000,0.0768200,0.0770800,61990000
FEES,10,20150312,141000,0.0770000,0.0774500,0.0770000,0.0773600,56420000
FEES,10,20150312,142000,0.0773700,0.0775000,0.0772000,0.0774300,24800000
FEES,10,20150312,143000,0.0774300,0.0774300,0.0772900,0.0774300,16260000
FEES,10,20150312,144000,0.0774300,0.0774900,0.0769200,0.0770400,48170000
FEES,10,20150312,145000,0.0769500,0.0773000,0.0761500,0.0766200,156110000
FEES,10,20150312,150000,0.0765600,0.0766600,0.0760000,0.0763200,116200000
FEES,10,20150312,151000,0.0763300,0.0764500,0.0756000,0.0756000,185060000
FEES,10,20150312,152000,0.0756100,0.0761100,0.0755500,0.0757300,115060000
FEES,10,20150312,153000,0.0757500,0.0759700,0.0752300,0.0759500,89670000
FEES,10,20150312,154000,0.0758700,0.0764800,0.0758200,0.0763400,68320000
FEES,10,20150312,155000,0.0764700,0.0764700,0.0762200,0.0763400,38810000
FEES,10,20150312,160000,0.0763300,0.0765000,0.0762300,0.0763700,25640000
FEES,10,20150312,161000,0.0763100,0.0767000,0.0762300,0.0763300,66050000
FEES,10,20150312,162000,0.0763000,0.0768800,0.0762200,0.0768100,38150000
FEES,10,20150312,163000,0.0768100,0.0769000,0.0766800,0.0769000,46810000
FEES,10,20150312,164000,0.0768200,0.0770000,0.0766400,0.0769800,57920000
FEES,10,20150312,165000,0.0769900,0.0769900,0.0764900,0.0767900,28960000
FEES,10,20150312,170000,0.0767900,0.0772500,0.0767400,0.0771800,49400000
FEES,10,20150312,171000,0.0771500,0.0772500,0.0766700,0.0769300,47740000
FEES,10,20150312,172000,0.0768800,0.0769200,0.0762800,0.0766400,57440000
FEES,10,20150312,173000,0.0766300,0.0772500,0.0766300,0.0771500,49540000
FEES,10,20150312,174000,0.0771400,0.0773700,0.0767700,0.0773700,85300000
FEES,10,20150312,175000,0.0773800,0.0777000,0.0772700,0.0774000,141430000
FEES,10,20150312,180000,0.0774000,0.0784300,0.0774000,0.0779600,588510000
FEES,10,20150312,181000,0.0779600,0.0781900,0.0776600,0.0780500,204650000
FEES,10,20150312,182000,0.0780500,0.0780500,0.0775100,0.0778900,82150000
FEES,10,20150312,183000,0.0778900,0.0786800,0.0777100,0.0780500,328530000
FEES,10,20150312,184000,0.0780400,0.0787800,0.0778700,0.0787700,371590000
FEES,10,20150312,185000,0.0788900,0.0788900,0.0788900,0.0788900,94670000
FEES,10,20150313,101000,0.0793000,0.0793800,0.0781500,0.0785000,100590000
FEES,10,20150313,102000,0.0786000,0.0787600,0.0779200,0.0779200,103890000
FEES,10,20150313,103000,0.0779600,0.0788900,0.0774700,0.0781900,220020000
FEES,10,20150313,104000,0.0781900,0.0793600,0.0781900,0.0785200,150950000
FEES,10,20150313,105000,0.0786400,0.0787800,0.0782100,0.0782700,46010000
FEES,10,20150313,110000,0.0784500,0.0784500,0.0782500,0.0782500,14470000
FEES,10,20150313,111000,0.0782500,0.0782500,0.0777900,0.0781500,76860000
FEES,10,20150313,112000,0.0780800,0.0781500,0.0777400,0.0780000,59120000
FEES,10,20150313,113000,0.0779700,0.0781000,0.0772500,0.0775800,106910000
FEES,10,20150313,114000,0.0775700,0.0777900,0.0770500,0.0773900,127110000
FEES,10,20150313,115000,0.0774000,0.0777400,0.0770900,0.0777400,39630000
FEES,10,20150313,120000,0.0777400,0.0778700,0.0775200,0.0776000,49940000
FEES,10,20150313,121000,0.0775100,0.0776200,0.0771800,0.0773000,61400000
FEES,10,20150313,122000,0.0772800,0.0773100,0.0766700,0.0766900,102780000
FEES,10,20150313,123000,0.0767700,0.0770900,0.0766900,0.0767000,42780000
FEES,10,20150313,124000,0.0767800,0.0770000,0.0765000,0.0766200,50570000
FEES,10,20150313,125000,0.0765300,0.0770000,0.0765100,0.0769000,44350000
FEES,10,20150313,130000,0.0769000,0.0770600,0.0765400,0.0768000,64700000
FEES,10,20150313,131000,0.0767300,0.0768100,0.0762100,0.0765500,115710000
FEES,10,20150313,132000,0.0766500,0.0769400,0.0765100,0.0767100,48110000
FEES,10,20150313,133000,0.0767100,0.0770200,0.0765900,0.0769700,63420000
FEES,10,20150313,134000,0.0768900,0.0773900,0.0767200,0.0773600,62020000
FEES,10,20150313,135000,0.0772400,0.0774200,0.0769300,0.0770600,34270000
FEES,10,20150313,140000,0.0770800,0.0772700,0.0768300,0.0772700,146950000
FEES,10,20150313,141000,0.0772700,0.0772800,0.0766800,0.0769000,46280000
FEES,10,20150313,142000,0.0769100,0.0769500,0.0766200,0.0767800,26490000
FEES,10,20150313,143000,0.0767700,0.0770800,0.0766700,0.0768800,23340000
FEES,10,20150313,144000,0.0768000,0.0770300,0.0767000,0.0767200,24200000
FEES,10,20150313,145000,0.0768200,0.0770000,0.0766300,0.0768100,31320000
FEES,10,20150313,150000,0.0768100,0.0768200,0.0764000,0.0766500,61420000
FEES,10,20150313,151000,0.0766500,0.0767000,0.0760100,0.0762500,171810000
FEES,10,20150313,152000,0.0762300,0.0763100,0.0758100,0.0760000,93040000
FEES,10,20150313,153000,0.0759500,0.0760000,0.0758000,0.0759700,33120000
FEES,10,20150313,154000,0.0759100,0.0762400,0.0758000,0.0762100,63570000
FEES,10,20150313,155000,0.0762100,0.0762800,0.0760200,0.0762100,23960000
FEES,10,20150313,160000,0.0762100,0.0762900,0.0762000,0.0762800,18070000
FEES,10,20150313,161000,0.0762400,0.0762800,0.0760000,0.0760500,38790000
FEES,10,20150313,162000,0.0760300,0.0760500,0.0759100,0.0760500,20480000
FEES,10,20150313,163000,0.0760500,0.0762900,0.0760500,0.0762800,43760000
FEES,10,20150313,164000,0.0762700,0.0762900,0.0759500,0.0760700,20790000
FEES,10,20150313,165000,0.0760700,0.0763500,0.0759600,0.0763500,30360000
FEES,10,20150313,170000,0.0763500,0.0763500,0.0760600,0.0762600,17670000
FEES,10,20150313,171000,0.0761500,0.0763000,0.0758100,0.0760600,34550000
FEES,10,20150313,172000,0.0760000,0.0762400,0.0758300,0.0762200,27750000
FEES,10,20150313,173000,0.0762000,0.0762800,0.0760400,0.0762500,19980000
FEES,10,20150313,174000,0.0762300,0.0765000,0.0760700,0.0762300,75220000
FEES,10,20150313,175000,0.0761200,0.0765000,0.0760700,0.0764400,43100000
FEES,10,20150313,180000,0.0764100,0.0764700,0.0761900,0.0762700,37970000
FEES,10,20150313,181000,0.0762000,0.0762800,0.0759000,0.0761600,61150000
FEES,10,20150313,182000,0.0761800,0.0762900,0.0759400,0.0760800,58830000
FEES,10,20150313,183000,0.0761300,0.0761500,0.0757000,0.0759800,100230000
FEES,10,20150313,184000,0.0758700,0.0762000,0.0757500,0.0757500,117350000
FEES,10,20150313,185000,0.0763000,0.0763000,0.0763000,0.0763000,16070000
FEES,10,20150316,101000,0.0758200,0.0760000,0.0749900,0.0754800,140800000
FEES,10,20150316,102000,0.0754700,0.0758600,0.0753100,0.0757500,54010000
FEES,10,20150316,103000,0.0757500,0.0757700,0.0751000,0.0753100,55040000
FEES,10,20150316,104000,0.0751600,0.0753100,0.0744700,0.0745800,80050000
FEES,10,20150316,105000,0.0744800,0.0747900,0.0744000,0.0747800,66710000
FEES,10,20150316,110000,0.0747800,0.0752000,0.0746200,0.0748000,38160000
FEES,10,20150316,111000,0.0747100,0.0747300,0.0744200,0.0745600,48330000
FEES,10,20150316,112000,0.0745400,0.0747600,0.0744700,0.0746600,17820000
FEES,10,20150316,113000,0.0746200,0.0746400,0.0741000,0.0744500,28510000
FEES,10,20150316,114000,0.0743100,0.0745700,0.0741700,0.0744100,33050000
FEES,10,20150316,115000,0.0744100,0.0745000,0.0742600,0.0744600,19320000
FEES,10,20150316,120000,0.0745000,0.0745900,0.0743100,0.0745400,22440000
FEES,10,20150316,121000,0.0744700,0.0745600,0.0741200,0.0742600,32590000
FEES,10,20150316,122000,0.0742600,0.0742900,0.0736500,0.0739500,105190000
FEES,10,20150316,123000,0.0739300,0.0740000,0.0736800,0.0737700,28640000
FEES,10,20150316,124000,0.0737800,0.0740000,0.0737400,0.0739700,17590000
FEES,10,20150316,125000,0.0739200,0.0741900,0.0737000,0.0741300,63500000
FEES,10,20150316,130000,0.0741300,0.0743000,0.0740000,0.0741900,42300000
FEES,10,20150316,131000,0.0741000,0.0745600,0.0739800,0.0745600,31300000
FEES,10,20150316,132000,0.0745000,0.0745800,0.0742300,0.0745000,40370000
FEES,10,20150316,133000,0.0745300,0.0745800,0.0743600,0.0743900,16510000
FEES,10,20150316,134000,0.0743900,0.0744800,0.0742400,0.0743800,12340000
FEES,10,20150316,135000,0.0743700,0.0745400,0.0740900,0.0745000,35660000
FEES,10,20150316,140000,0.0744400,0.0745400,0.0743000,0.0744200,9000000
FEES,10,20150316,141000,0.0743100,0.0744600,0.0741400,0.0743900,44450000
FEES,10,20150316,142000,0.0742900,0.0743400,0.0740200,0.0741700,19600000
FEES,10,20150316,143000,0.0741700,0.0741700,0.0738500,0.0739000,81490000
FEES,10,20150316,144000,0.0738500,0.0739500,0.0737100,0.0738500,18920000
FEES,10,20150316,145000,0.0737800,0.0739700,0.0737600,0.0739600,9990000
FEES,10,20150316,150000,0.0739600,0.0740200,0.0737600,0.0739000,16310000
FEES,10,20150316,151000,0.0738900,0.0739000,0.0737000,0.0737700,46290000
FEES,10,20150316,152000,0.0737000,0.0737900,0.0733400,0.0735200,124010000
FEES,10,20150316,153000,0.0734300,0.0736100,0.0727100,0.0735800,91370000
FEES,10,20150316,154000,0.0736100,0.0736500,0.0733900,0.0735000,25110000
FEES,10,20150316,155000,0.0735000,0.0742000,0.0734400,0.0741500,110280000
FEES,10,20150316,160000,0.0740300,0.0744300,0.0738600,0.0742800,45820000
FEES,10,20150316,161000,0.0742000,0.0742900,0.0738600,0.0739500,14770000
FEES,10,20150316,162000,0.0739500,0.0741500,0.0739500,0.0741000,13720000
FEES,10,20150316,163000,0.0741000,0.0741500,0.0739200,0.0740700,23720000
FEES,10,20150316,164000,0.0740800,0.0741100,0.0739000,0.0740200,19070000
FEES,10,20150316,165000,0.0740200,0.0741400,0.0738800,0.0741200,19480000
FEES,10,20150316,170000,0.0741200,0.0741800,0.0739300,0.0740700,17040000
FEES,10,20150316,171000,0.0740700,0.0740800,0.0737700,0.0740300,48490000
FEES,10,20150316,172000,0.0739700,0.0740300,0.0735500,0.0736000,29460000
FEES,10,20150316,173000,0.0735500,0.0736900,0.0734400,0.0735900,36910000
FEES,10,20150316,174000,0.0735900,0.0736300,0.0734300,0.0735000,15860000
FEES,10,20150316,175000,0.0734600,0.0736800,0.0734600,0.0736800,19890000
FEES,10,20150316,180000,0.0736600,0.0737000,0.0736000,0.0736900,25830000
FEES,10,20150316,181000,0.0736500,0.0737900,0.0735700,0.0736300,41320000
FEES,10,20150316,182000,0.0736300,0.0738100,0.0736000,0.0737300,17810000
FEES,10,20150316,183000,0.0737300,0.0739000,0.0737100,0.0739000,15350000
FEES,10,20150316,184000,0.0739000,0.0739000,0.0733400,0.0733400,56960000
FEES,10,20150316,185000,0.0733400,0.0733400,0.0733400,0.0733400,1650000
FEES,10,20150317,101000,0.0741600,0.0746900,0.0740100,0.0741900,119070000
FEES,10,20150317,102000,0.0742800,0.0743300,0.0739300,0.0741500,69540000
FEES,10,20150317,103000,0.0741000,0.0744900,0.0739000,0.0744900,44380000
FEES,10,20150317,104000,0.0744900,0.0750000,0.0744700,0.0750000,97450000
FEES,10,20150317,105000,0.0750000,0.0758800,0.0749000,0.0755800,247580000
FEES,10,20150317,110000,0.0755800,0.0755800,0.0752000,0.0753500,72360000
FEES,10,20150317,111000,0.0754000,0.0756000,0.0754000,0.0755500,20840000
FEES,10,20150317,112000,0.0755600,0.0755700,0.0754500,0.0754600,27900000
FEES,10,20150317,113000,0.0754700,0.0754800,0.0751400,0.0752200,39510000
FEES,10,20150317,114000,0.0751900,0.0752600,0.0748100,0.0750900,76550000
FEES,10,20150317,115000,0.0750000,0.0750800,0.0748000,0.0748000,46720000
FEES,10,20150317,120000,0.0748000,0.0754400,0.0747400,0.0752600,91290000
FEES,10,20150317,121000,0.0752500,0.0753900,0.0752000,0.0753900,17870000
FEES,10,20150317,122000,0.0753900,0.0754100,0.0752300,0.0753900,12500000
FEES,10,20150317,123000,0.0753500,0.0753900,0.0751500,0.0753100,17930000
FEES,10,20150317,124000,0.0753000,0.0754200,0.0752400,0.0753800,15160000
FEES,10,20150317,125000,0.0753800,0.0753800,0.0751600,0.0752700,17530000
FEES,10,20150317,130000,0.0752300,0.0753000,0.0750600,0.0752300,22210000
FEES,10,20150317,131000,0.0752300,0.0752300,0.0748500,0.0749800,24910000
FEES,10,20150317,132000,0.0749100,0.0752500,0.0749000,0.0751800,28700000
FEES,10,20150317,133000,0.0752400,0.0753300,0.0751500,0.0752000,16400000
FEES,10,20150317,134000,0.0753000,0.0753100,0.0751600,0.0752500,11480000
FEES,10,20150317,135000,0.0752200,0.0753200,0.0750700,0.0752900,25400000
FEES,10,20150317,140000,0.0752900,0.0752900,0.0751000,0.0752000,13550000
FEES,10,20150317,141000,0.0752000,0.0754200,0.0749200,0.0753000,78410000
FEES,10,20150317,142000,0.0752600,0.0754000,0.0752000,0.0753500,16390000
FEES,10,20150317,143000,0.0753000,0.0753000,0.0750000,0.0750300,38770000
FEES,10,20150317,144000,0.0749600,0.0750500,0.0745000,0.0749200,102310000
FEES,10,20150317,145000,0.0749200,0.0749500,0.0747200,0.0748500,20920000
FEES,10,20150317,150000,0.0749100,0.0749600,0.0747300,0.0749600,18540000
FEES,10,20150317,151000,0.0749200,0.0751200,0.0748100,0.0750900,18070000
FEES,10,20150317,152000,0.0750400,0.0751200,0.0749400,0.0750500,15060000
FEES,10,20150317,153000,0.0750000,0.0751300,0.0748700,0.0750500,34370000
FEES,10,20150317,154000,0.0750500,0.0750800,0.0747700,0.0749300,14290000
FEES,10,20150317,155000,0.0749200,0.0750700,0.0749100,0.0750700,18700000
FEES,10,20150317,160000,0.0749700,0.0750600,0.0749000,0.0749600,9890000
FEES,10,20150317,161000,0.0749600,0.0749800,0.0748300,0.0749800,13220000
FEES,10,20150317,162000,0.0749600,0.0750000,0.0749000,0.0749600,13000000
FEES,10,20150317,163000,0.0749400,0.0750200,0.0749200,0.0750200,17330000
FEES,10,20150317,164000,0.0750200,0.0751300,0.0747000,0.0750000,65510000
FEES,10,20150317,165000,0.0749800,0.0750500,0.0748900,0.0750500,7960000
FEES,10,20150317,170000,0.0750300,0.0751900,0.0749600,0.0751800,327490000
FEES,10,20150317,171000,0.0751800,0.0756900,0.0751800,0.0753900,174440000
FEES,10,20150317,172000,0.0753900,0.0762500,0.0753500,0.0760900,297730000
FEES,10,20150317,173000,0.0760900,0.0762000,0.0760000,0.0761400,61490000
FEES,10,20150317,174000,0.0761300,0.0764000,0.0761000,0.0762800,46580000
FEES,10,20150317,175000,0.0763000,0.0764600,0.0761300,0.0761400,39670000
FEES,10,20150317,180000,0.0761300,0.0761700,0.0759300,0.0761200,33350000
FEES,10,20150317,181000,0.0761200,0.0774300,0.0761200,0.0768700,356570000
FEES,10,20150317,182000,0.0769200,0.0769900,0.0767600,0.0767600,64760000
FEES,10,20150317,183000,0.0767600,0.0772000,0.0767200,0.0771000,89090000
FEES,10,20150317,184000,0.0771000,0.0784000,0.0769600,0.0781800,403880000
FEES,10,20150317,185000,0.0782000,0.0782000,0.0782000,0.0782000,33870000
FEES,10,20150318,101000,0.0785000,0.0788000,0.0777100,0.0778800,165160000
FEES,10,20150318,102000,0.0777300,0.0786200,0.0777200,0.0781100,151610000
FEES,10,20150318,103000,0.0781300,0.0781500,0.0775300,0.0777700,102560000
FEES,10,20150318,104000,0.0777700,0.0781200,0.0775100,0.0779500,46170000
FEES,10,20150318,105000,0.0779500,0.0780700,0.0771500,0.0772500,98510000
FEES,10,20150318,110000,0.0772300,0.0772800,0.0768500,0.0770400,128070000
FEES,10,20150318,111000,0.0771200,0.0773900,0.0769700,0.0772700,29680000
FEES,10,20150318,112000,0.0773500,0.0776900,0.0773500,0.0774800,38520000
FEES,10,20150318,113000,0.0774800,0.0775000,0.0770900,0.0770900,30620000
FEES,10,20150318,114000,0.0772300,0.0774600,0.0771500,0.0774600,17300000
FEES,10,20150318,115000,0.0773900,0.0777200,0.0771200,0.0772000,20030000
FEES,10,20150318,120000,0.0771800,0.0774000,0.0771200,0.0774000,9050000
FEES,10,20150318,121000,0.0773900,0.0774000,0.0770900,0.0772400,30050000
FEES,10,20150318,122000,0.0773300,0.0773500,0.0771500,0.0772700,21460000
FEES,10,20150318,123000,0.0772400,0.0774000,0.0771500,0.0774000,17420000
FEES,10,20150318,124000,0.0773900,0.0777500,0.0772100,0.0776600,29150000
FEES,10,20150318,125000,0.0777500,0.0779900,0.0776100,0.0777600,55710000
FEES,10,20150318,130000,0.0776500,0.0779500,0.0775000,0.0779500,24700000
FEES,10,20150318,131000,0.0779400,0.0779900,0.0774900,0.0775800,37560000
FEES,10,20150318,132000,0.0774700,0.0775700,0.0771500,0.0772000,26640000
FEES,10,20150318,133000,0.0771900,0.0773500,0.0771000,0.0772200,14040000
FEES,10,20150318,134000,0.0772200,0.0772200,0.0771000,0.0771700,16120000
FEES,10,20150318,135000,0.0772200,0.0772900,0.0771200,0.0771200,12320000
FEES,10,20150318,140000,0.0771200,0.0775000,0.0770500,0.0771300,50550000
FEES,10,20150318,141000,0.0771400,0.0772100,0.0770200,0.0770300,43870000
FEES,10,20150318,142000,0.0770300,0.0772000,0.0770300,0.0770500,44980000
FEES,10,20150318,143000,0.0770600,0.0771200,0.0770400,0.0770500,53970000
FEES,10,20150318,144000,0.0770700,0.0772900,0.0770400,0.0772600,31120000
FEES,10,20150318,145000,0.0771900,0.0773300,0.0770900,0.0770900,29910000
FEES,10,20150318,150000,0.0770800,0.0771700,0.0763700,0.0764800,136960000
FEES,10,20150318,151000,0.0764800,0.0765200,0.0764100,0.0764400,42820000
FEES,10,20150318,152000,0.0764300,0.0764800,0.0762300,0.0764400,43530000
FEES,10,20150318,153000,0.0764400,0.0766600,0.0764400,0.0765300,30820000
FEES,10,20150318,154000,0.0765300,0.0766400,0.0764400,0.0765000,24600000
FEES,10,20150318,155000,0.0765000,0.0766100,0.0764500,0.0765300,25710000
FEES,10,20150318,160000,0.0765700,0.0766200,0.0765000,0.0765000,15460000
FEES,10,20150318,161000,0.0765000,0.0766200,0.0765000,0.0765100,32530000
FEES,10,20150318,162000,0.0765100,0.0767400,0.0765000,0.0766200,40330000
FEES,10,20150318,163000,0.0766000,0.0767900,0.0765200,0.0766800,19190000
FEES,10,20150318,164000,0.0766800,0.0766800,0.0765300,0.0766200,14890000
FEES,10,20150318,165000,0.0766300,0.0767300,0.0765300,0.0766500,53580000
FEES,10,20150318,170000,0.0765800,0.0768700,0.0765600,0.0767200,16410000
FEES,10,20150318,171000,0.0767700,0.0770400,0.0766400,0.0769600,18060000
FEES,10,20150318,172000,0.0769900,0.0769900,0.0767900,0.0768000,24620000
FEES,10,20150318,173000,0.0768000,0.0768000,0.0765100,0.0765800,30240000
FEES,10,20150318,174000,0.0765900,0.0766000,0.0762300,0.0762500,86320000
FEES,10,20150318,175000,0.0762900,0.0765000,0.0761800,0.0764100,21370000
FEES,10,20150318,180000,0.0764100,0.0764200,0.0751600,0.0754200,223750000
FEES,10,20150318,181000,0.0754500,0.0754800,0.0747200,0.0752300,150110000
FEES,10,20150318,182000,0.0751600,0.0752800,0.0749000,0.0750300,27330000
FEES,10,20150318,183000,0.0749300,0.0749600,0.0745700,0.0748300,127560000
FEES,10,20150318,184000,0.0748700,0.0750600,0.0746000,0.0747700,73770000
FEES,10,20150318,185000,0.0745800,0.0745800,0.0745800,0.0745800,29730000
FEES,10,20150319,101000,0.0757000,0.0761500,0.0747000,0.0754000,307990000
FEES,10,20150319,102000,0.0753600,0.0754000,0.0751400,0.0751700,75040000
FEES,10,20150319,103000,0.0751200,0.0751400,0.0748000,0.0748000,64960000
FEES,10,20150319,104000,0.0748000,0.0751500,0.0747300,0.0750200,27110000
FEES,10,20150319,105000,0.0750200,0.0750900,0.0747900,0.0747900,26810000
FEES,10,20150319,110000,0.0748800,0.0752000,0.0748700,0.0751000,37500000
FEES,10,20150319,111000,0.0751000,0.0751000,0.0747800,0.0749800,24810000
FEES,10,20150319,112000,0.0749800,0.0749800,0.0740300,0.0743500,208300000
FEES,10,20150319,113000,0.0743700,0.0743700,0.0740100,0.0741500,173960000
FEES,10,20150319,114000,0.0741000,0.0741800,0.0735700,0.0737300,158560000
FEES,10,20150319,115000,0.0737700,0.0741600,0.0737400,0.0738000,53880000
FEES,10,20150319,120000,0.0738100,0.0742000,0.0738000,0.0741200,17780000
FEES,10,20150319,121000,0.0741200,0.0742300,0.0740500,0.0741500,23180000
FEES,10,20150319,122000,0.0741900,0.0743000,0.0741200,0.0742000,16320000
FEES,10,20150319,123000,0.0742800,0.0743000,0.0740000,0.0740400,16400000
FEES,10,20150319,124000,0.0740300,0.0741900,0.0740000,0.0740500,13360000
FEES,10,20150319,125000,0.0740200,0.0742500,0.0740100,0.0741500,12140000
FEES,10,20150319,130000,0.0741500,0.0742200,0.0741000,0.0741000,8810000
FEES,10,20150319,131000,0.0741000,0.0741100,0.0738000,0.0738100,71450000
FEES,10,20150319,132000,0.0738000,0.0738200,0.0737400,0.0737400,47680000
FEES,10,20150319,133000,0.0737400,0.0737900,0.0730300,0.0735300,193230000
FEES,10,20150319,134000,0.0734400,0.0737400,0.0733300,0.0735400,57070000
FEES,10,20150319,135000,0.0735400,0.0745500,0.0735300,0.0738800,186940000
FEES,10,20150319,140000,0.0738600,0.0738600,0.0731100,0.0733100,186600000
FEES,10,20150319,141000,0.0733100,0.0734500,0.0730100,0.0730600,88270000
FEES,10,20150319,142000,0.0730700,0.0733500,0.0730600,0.0730900,47860000
FEES,10,20150319,143000,0.0730800,0.0733700,0.0730800,0.0732000,33330000
FEES,10,20150319,144000,0.0731900,0.0733600,0.0731900,0.0732500,15220000
FEES,10,20150319,145000,0.0732300,0.0732500,0.0731700,0.0732200,49140000
FEES,10,20150319,150000,0.0732200,0.0732300,0.0730800,0.0731200,63620000
FEES,10,20150319,151000,0.0731200,0.0732700,0.0730700,0.0732500,35910000
FEES,10,20150319,152000,0.0731500,0.0732400,0.0730300,0.0731300,27200000
FEES,10,20150319,153000,0.0731200,0.0732800,0.0730600,0.0731500,17090000
FEES,10,20150319,154000,0.0731900,0.0734500,0.0731600,0.0732300,31730000
FEES,10,20150319,155000,0.0732100,0.0732100,0.0730500,0.0731000,19410000
FEES,10,20150319,160000,0.0731000,0.0732100,0.0731000,0.0731200,12930000
FEES,10,20150319,161000,0.0731300,0.0731500,0.0725500,0.0725500,128830000
FEES,10,20150319,162000,0.0725800,0.0728400,0.0722700,0.0726400,93680000
FEES,10,20150319,163000,0.0726400,0.0729000,0.0726400,0.0727200,39000000
FEES,10,20150319,164000,0.0727100,0.0727400,0.0724900,0.0725000,59520000
FEES,10,20150319,165000,0.0725100,0.0727300,0.0723400,0.0724100,49050000
FEES,10,20150319,170000,0.0724300,0.0729200,0.0724300,0.0726700,61880000
FEES,10,20150319,171000,0.0726700,0.0727700,0.0722100,0.0723600,142710000
FEES,10,20150319,172000,0.0724500,0.0727600,0.0723800,0.0726100,49300000
FEES,10,20150319,173000,0.0726000,0.0726100,0.0724200,0.0725000,45800000
FEES,10,20150319,174000,0.0725300,0.0727300,0.0724600,0.0725000,33590000
FEES,10,20150319,175000,0.0724800,0.0728000,0.0724800,0.0727000,32260000
FEES,10,20150319,180000,0.0726800,0.0726800,0.0725500,0.0726300,30930000
FEES,10,20150319,181000,0.0726300,0.0727800,0.0724200,0.0724500,42740000
FEES,10,20150319,182000,0.0724700,0.0727400,0.0723500,0.0727300,78930000
FEES,10,20150319,183000,0.0727300,0.0727400,0.0724100,0.0724200,45530000
FEES,10,20150319,184000,0.0724200,0.0726800,0.0720500,0.0720500,316090000
FEES,10,20150319,185000,0.0723000,0.0723000,0.0723000,0.0723000,12970000
FEES,10,20150320,101000,0.0723000,0.0724900,0.0715200,0.0720000,74390000
FEES,10,20150320,102000,0.0720100,0.0721300,0.0718800,0.0721300,24310000
FEES,10,20150320,103000,0.0721100,0.0724800,0.0718000,0.0718000,89790000
FEES,10,20150320,104000,0.0718000,0.0718000,0.0708600,0.0710100,137530000
FEES,10,20150320,105000,0.0710300,0.0710500,0.0704500,0.0707100,94500000
FEES,10,20150320,110000,0.0706500,0.0713100,0.0706200,0.0710900,143000000
FEES,10,20150320,111000,0.0710900,0.0711800,0.0707000,0.0707700,40870000
FEES,10,20150320,112000,0.0707800,0.0710900,0.0707000,0.0709900,78560000
FEES,10,20150320,113000,0.0710800,0.0717100,0.0710400,0.0716900,103250000
FEES,10,20150320,114000,0.0716800,0.0719600,0.0714200,0.0718700,89410000
FEES,10,20150320,115000,0.0718700,0.0718700,0.0713100,0.0713900,37840000
FEES,10,20150320,120000,0.0713700,0.0713900,0.0710300,0.0711900,69720000
FEES,10,20150320,121000,0.0712900,0.0712900,0.0705000,0.0708300,100770000
FEES,10,20150320,122000,0.0708500,0.0711000,0.0708300,0.0708700,39480000
FEES,10,20150320,123000,0.0708400,0.0709300,0.0704900,0.0706700,71430000
FEES,10,20150320,124000,0.0706600,0.0706600,0.0702100,0.0704500,108700000
FEES,10,20150320,125000,0.0704500,0.0707200,0.0703300,0.0703300,44740000
FEES,10,20150320,130000,0.0703500,0.0704200,0.0702000,0.0703100,69830000
FEES,10,20150320,131000,0.0703000,0.0703000,0.0701200,0.0701200,49170000
FEES,10,20150320,132000,0.0701200,0.0702600,0.0688100,0.0695000,238100000
FEES,10,20150320,133000,0.0694900,0.0696500,0.0692200,0.0696500,115820000
FEES,10,20150320,134000,0.0696700,0.0699100,0.0694600,0.0694900,82730000
FEES,10,20150320,135000,0.0694900,0.0696700,0.0693000,0.0695800,51490000
FEES,10,20150320,140000,0.0696500,0.0696800,0.0694500,0.0694500,25700000
FEES,10,20150320,141000,0.0693900,0.0697000,0.0690200,0.0694100,105460000
FEES,10,20150320,142000,0.0694000,0.0697000,0.0693200,0.0693200,28880000
FEES,10,20150320,143000,0.0693300,0.0696200,0.0691000,0.0693000,72170000
FEES,10,20150320,144000,0.0692900,0.0693600,0.0688300,0.0690100,113250000
FEES,10,20150320,145000,0.0690700,0.0693100,0.0688800,0.0691000,60930000
FEES,10,20150320,150000,0.0691700,0.0692600,0.0689600,0.0692600,42510000
FEES,10,20150320,151000,0.0692600,0.0692600,0.0690800,0.0690800,56530000
FEES,10,20150320,152000,0.0690700,0.0691900,0.0690000,0.0690100,28300000
FEES,10,20150320,153000,0.0690200,0.0690900,0.0688100,0.0688800,65450000
FEES,10,20150320,154000,0.0689600,0.0693500,0.0689300,0.0692800,115060000
FEES,10,20150320,155000,0.0692800,0.0693600,0.0692600,0.0693600,39370000
FEES,10,20150320,160000,0.0693500,0.0697600,0.0693500,0.0696200,119770000
FEES,10,20150320,161000,0.0696200,0.0696800,0.0692300,0.0696400,60390000
FEES,10,20150320,162000,0.0696800,0.0696800,0.0693800,0.0693800,24170000
FEES,10,20150320,163000,0.0694500,0.0696500,0.0693600,0.0696200,33450000
FEES,10,20150320,164000,0.0695400,0.0696300,0.0694000,0.0696000,35230000
FEES,10,20150320,165000,0.0695000,0.0695800,0.0693300,0.0693300,26440000
FEES,10,20150320,170000,0.0693300,0.0693500,0.0691100,0.0691100,64110000
FEES,10,20150320,171000,0.0691200,0.0694400,0.0690700,0.0691000,69830000
FEES,10,20150320,172000,0.0691000,0.0693300,0.0690800,0.0692900,114030000
FEES,10,20150320,173000,0.0692900,0.0692900,0.0691100,0.0692600,118990000
FEES,10,20150320,174000,0.0692700,0.0692700,0.0691000,0.0692300,109530000
FEES,10,20150320,175000,0.0692000,0.0692200,0.0690900,0.0690900,89910000
FEES,10,20150320,180000,0.0690800,0.0691400,0.0690000,0.0690100,231070000
FEES,10,20150320,181000,0.0690100,0.0691100,0.0690000,0.0690300,62430000
FEES,10,20150320,182000,0.0690200,0.0693300,0.0688300,0.0690300,208640000
FEES,10,20150320,183000,0.0689600,0.0689900,0.0686200,0.0687200,191040000
FEES,10,20150320,184000,0.0687200,0.0697200,0.0683400,0.0697200,511620000
FEES,10,20150320,185000,0.0672800,0.0672800,0.0672800,0.0672800,317710000
FEES,10,20150323,101000,0.0682000,0.0686800,0.0676500,0.0677100,365350000
FEES,10,20150323,102000,0.0677100,0.0681200,0.0672000,0.0673100,163320000
FEES,10,20150323,103000,0.0673900,0.0674800,0.0652500,0.0662500,564600000
FEES,10,20150323,104000,0.0662500,0.0667500,0.0658800,0.0664500,105440000
FEES,10,20150323,105000,0.0664600,0.0666700,0.0663100,0.0664700,77780000
FEES,10,20150323,110000,0.0664800,0.0664800,0.0655000,0.0658500,137330000
FEES,10,20150323,111000,0.0658500,0.0663900,0.0651800,0.0662200,205590000
FEES,10,20150323,112000,0.0662300,0.0663300,0.0658000,0.0659400,38950000
FEES,10,20150323,113000,0.0658700,0.0659100,0.0650900,0.0654100,93660000
FEES,10,20150323,114000,0.0653500,0.0654100,0.0647000,0.0650200,318780000
FEES,10,20150323,115000,0.0651100,0.0651100,0.0647000,0.0648900,44890000
FEES,10,20150323,120000,0.0648200,0.0651000,0.0647500,0.0651000,75240000
FEES,10,20150323,121000,0.0649800,0.0649800,0.0646500,0.0647200,83480000
FEES,10,20150323,122000,0.0647700,0.0655100,0.0647200,0.0655000,83070000
FEES,10,20150323,123000,0.0654000,0.0654400,0.0649300,0.0650500,61720000
FEES,10,20150323,124000,0.0650400,0.0655700,0.0650400,0.0654400,31190000
FEES,10,20150323,125000,0.0654800,0.0656800,0.0654000,0.0655200,47700000
FEES,10,20150323,130000,0.0655100,0.0655100,0.0646500,0.0646900,98750000
FEES,10,20150323,131000,0.0646800,0.0649900,0.0646600,0.0649900,36540000
FEES,10,20150323,132000,0.0649700,0.0650300,0.0647600,0.0650100,26890000
FEES,10,20150323,133000,0.0649400,0.0649400,0.0646900,0.0647900,45080000
FEES,10,20150323,134000,0.0647900,0.0650000,0.0647400,0.0648800,25780000
FEES,10,20150323,135000,0.0648100,0.0648100,0.0644300,0.0644500,75890000
FEES,10,20150323,140000,0.0644600,0.0647600,0.0644600,0.0647500,29410000
FEES,10,20150323,141000,0.0647200,0.0647200,0.0644500,0.0645400,24920000
FEES,10,20150323,142000,0.0645400,0.0645400,0.0638300,0.0638400,169880000
FEES,10,20150323,143000,0.0638400,0.0641500,0.0638200,0.0641000,64520000
FEES,10,20150323,144000,0.0641100,0.0643700,0.0640100,0.0641700,70390000
FEES,10,20150323,145000,0.0641300,0.0642500,0.0640100,0.0640700,30530000
FEES,10,20150323,150000,0.0641000,0.0642500,0.0639200,0.0641300,27270000
FEES,10,20150323,151000,0.0641300,0.0643000,0.0639800,0.0642800,28520000
FEES,10,20150323,152000,0.0642700,0.0643800,0.0641400,0.0643600,34150000
FEES,10,20150323,153000,0.0642400,0.0645200,0.0642300,0.0645000,33750000
FEES,10,20150323,154000,0.0644800,0.0648200,0.0644800,0.0646800,55920000
FEES,10,20150323,155000,0.0646800,0.0647500,0.0643600,0.0643600,32400000
FEES,10,20150323,160000,0.0643500,0.0644300,0.0642800,0.0643800,26760000
FEES,10,20150323,161000,0.0643200,0.0644700,0.0642400,0.0642400,48980000
FEES,10,20150323,162000,0.0642300,0.0643700,0.0640000,0.0642400,39490000
FEES,10,20150323,163000,0.0642800,0.0644000,0.0642000,0.0643100,36330000
FEES,10,20150323,164000,0.0643100,0.0644400,0.0642600,0.0642900,19320000
FEES,10,20150323,165000,0.0643600,0.0643800,0.0642400,0.0643300,39210000
FEES,10,20150323,170000,0.0642700,0.0645500,0.0642400,0.0645500,27100000
FEES,10,20150323,171000,0.0644600,0.0645800,0.0642600,0.0642700,35440000
FEES,10,20150323,172000,0.0642700,0.0643800,0.0641000,0.0641100,52070000
FEES,10,20150323,173000,0.0641500,0.0642300,0.0640000,0.0640800,26990000
FEES,10,20150323,174000,0.0640600,0.0640800,0.0635400,0.0637300,449750000
FEES,10,20150323,175000,0.0637300,0.0638400,0.0630600,0.0631000,305720000
FEES,10,20150323,180000,0.0631400,0.0633700,0.0628000,0.0633100,317490000
FEES,10,20150323,181000,0.0633100,0.0633700,0.0632100,0.0632600,45660000
FEES,10,20150323,182000,0.0632700,0.0633500,0.0626000,0.0628300,97990000
FEES,10,20150323,183000,0.0627600,0.0629300,0.0626000,0.0627700,123320000
FEES,10,20150323,184000,0.0627000,0.0628900,0.0622600,0.0623800,180090000
FEES,10,20150323,185000,0.0629400,0.0629400,0.0629400,0.0629400,59110000
FEES,10,20150324,101000,0.0625800,0.0643700,0.0623500,0.0641200,181350000
FEES,10,20150324,102000,0.0642000,0.0647700,0.0636500,0.0644100,591800000
FEES,10,20150324,103000,0.0644100,0.0647000,0.0640100,0.0642400,148280000
FEES,10,20150324,104000,0.0641100,0.0642800,0.0635700,0.0638800,133610000
FEES,10,20150324,105000,0.0638800,0.0642900,0.0638600,0.0642400,91950000
FEES,10,20150324,110000,0.0642200,0.0644200,0.0640600,0.0640700,67020000
FEES,10,20150324,111000,0.0641600,0.0643400,0.0640300,0.0642300,27790000
FEES,10,20150324,112000,0.0642500,0.0643300,0.0638600,0.0640100,196090000
FEES,10,20150324,113000,0.0640000,0.0643400,0.0638100,0.0642900,63010000
FEES,10,20150324,114000,0.0642600,0.0656100,0.0642200,0.0653900,459970000
FEES,10,20150324,115000,0.0653700,0.0653700,0.0649300,0.0649700,110380000
FEES,10,20150324,120000,0.0650000,0.0658700,0.0645100,0.0657400,246930000
FEES,10,20150324,121000,0.0657200,0.0661500,0.0653600,0.0657000,254570000
FEES,10,20150324,122000,0.0657000,0.0659900,0.0654500,0.0659900,60090000
FEES,10,20150324,123000,0.0659900,0.0661500,0.0657300,0.0660600,148710000
FEES,10,20150324,124000,0.0660500,0.0667000,0.0658800,0.0658800,180790000
FEES,10,20150324,125000,0.0658800,0.0662000,0.0657600,0.0661900,43250000
FEES,10,20150324,130000,0.0661300,0.0664400,0.0660000,0.0664000,60480000
FEES,10,20150324,131000,0.0662800,0.0664600,0.0660300,0.0660800,31620000
FEES,10,20150324,132000,0.0661100,0.0661100,0.0657600,0.0657600,62730000
FEES,10,20150324,133000,0.0657700,0.0658400,0.0655400,0.0656900,61040000
FEES,10,20150324,134000,0.0656900,0.0657900,0.0648000,0.0651100,169500000
FEES,10,20150324,135000,0.0651000,0.0652100,0.0648500,0.0650900,66400000
FEES,10,20150324,140000,0.0650900,0.0658400,0.0650400,0.0653300,105180000
FEES,10,20150324,141000,0.0652600,0.0658400,0.0651800,0.0655800,115120000
FEES,10,20150324,142000,0.0655800,0.0656500,0.0654400,0.0655600,32640000
FEES,10,20150324,143000,0.0655800,0.0656500,0.0651200,0.0652800,35160000
FEES,10,20150324,144000,0.0652800,0.0653000,0.0649200,0.0650100,46040000
FEES,10,20150324,145000,0.0651000,0.0656700,0.0650200,0.0652600,44630000
FEES,10,20150324,150000,0.0652600,0.0654000,0.0651600,0.0651600,12290000
FEES,10,20150324,151000,0.0651800,0.0652600,0.0651700,0.0651900,16490000
FEES,10,20150324,152000,0.0652000,0.0657700,0.0652000,0.0657700,21370000
FEES,10,20150324,153000,0.0657500,0.0658700,0.0656200,0.0656500,71490000
FEES,10,20150324,154000,0.0656600,0.0658400,0.0656600,0.0657600,27470000
FEES,10,20150324,155000,0.0657200,0.0661800,0.0657100,0.0661600,92800000
FEES,10,20150324,160000,0.0660700,0.0661600,0.0657800,0.0658500,33700000
FEES,10,20150324,161000,0.0658600,0.0659800,0.0657500,0.0657700,21230000
FEES,10,20150324,162000,0.0657600,0.0658000,0.0648800,0.0655500,78090000
FEES,10,20150324,163000,0.0655300,0.0655500,0.0652400,0.0653300,20980000
FEES,10,20150324,164000,0.0653300,0.0656600,0.0653000,0.0656000,15710000
FEES,10,20150324,165000,0.0656500,0.0657600,0.0653300,0.0656700,44590000
FEES,10,20150324,170000,0.0656500,0.0657000,0.0656000,0.0656300,16430000
FEES,10,20150324,171000,0.0656900,0.0658600,0.0655400,0.0657500,17970000
FEES,10,20150324,172000,0.0656900,0.0658300,0.0655300,0.0655900,10280000
FEES,10,20150324,173000,0.0656500,0.0656900,0.0655500,0.0655500,8910000
FEES,10,20150324,174000,0.0655600,0.0656800,0.0651300,0.0654700,85870000
FEES,10,20150324,175000,0.0655000,0.0660700,0.0655000,0.0657000,96630000
FEES,10,20150324,180000,0.0657100,0.0660000,0.0657100,0.0658900,20510000
FEES,10,20150324,181000,0.0658800,0.0662200,0.0657400,0.0660900,66960000
FEES,10,20150324,182000,0.0661400,0.0664700,0.0661200,0.0664000,59170000
FEES,10,20150324,183000,0.0664000,0.0670000,0.0664000,0.0668000,247440000
FEES,10,20150324,184000,0.0669300,0.0670800,0.0666600,0.0666900,154270000
FEES,10,20150324,185000,0.0666900,0.0666900,0.0666900,0.0666900,24130000
FEES,10,20150325,101000,0.0669000,0.0679700,0.0666600,0.0672000,421780000
FEES,10,20150325,102000,0.0671200,0.0671900,0.0666600,0.0668800,184430000
FEES,10,20150325,103000,0.0668800,0.0673200,0.0667100,0.0671600,74460000
FEES,10,20150325,104000,0.0671300,0.0673000,0.0669200,0.0669200,33140000
FEES,10,20150325,105000,0.0669100,0.0675000,0.0663800,0.0669800,197540000
FEES,10,20150325,110000,0.0669800,0.0672200,0.0669100,0.0670100,6840000
FEES,10,20150325,111000,0.0670100,0.0672000,0.0668900,0.0671400,32340000
FEES,10,20150325,112000,0.0671300,0.0671900,0.0668300,0.0668800,14760000
FEES,10,20150325,113000,0.0669000,0.0670500,0.0668200,0.0670000,14800000
FEES,10,20150325,114000,0.0668900,0.0668900,0.0662000,0.0662000,86170000
FEES,10,20150325,115000,0.0662000,0.0665700,0.0638000,0.0649700,613200000
FEES,10,20150325,120000,0.0649600,0.0652300,0.0647100,0.0651700,88550000
FEES,10,20150325,121000,0.0651700,0.0651700,0.0647800,0.0650600,52560000
FEES,10,20150325,122000,0.0649100,0.0651300,0.0648900,0.0650900,20020000
FEES,10,20150325,123000,0.0649500,0.0652800,0.0649400,0.0652200,25800000
FEES,10,20150325,124000,0.0652200,0.0656000,0.0652100,0.0656000,98590000
FEES,10,20150325,125000,0.0656000,0.0656100,0.0649300,0.0652700,40630000
FEES,10,20150325,130000,0.0653600,0.0654200,0.0651300,0.0651400,14290000
FEES,10,20150325,131000,0.0651500,0.0652600,0.0647200,0.0651600,52250000
FEES,10,20150325,132000,0.0651600,0.0668900,0.0651600,0.0660900,418320000
FEES,10,20150325,133000,0.0661100,0.0661600,0.0657300,0.0658100,21900000
FEES,10,20150325,134000,0.0658400,0.0658600,0.0655700,0.0657900,8070000
FEES,10,20150325,135000,0.0657500,0.0658100,0.0655300,0.0655500,10790000
FEES,10,20150325,140000,0.0655200,0.0656900,0.0654300,0.0656900,13500000
FEES,10,20150325,141000,0.0656200,0.0656200,0.0654900,0.0655900,5540000
FEES,10,20150325,142000,0.0655200,0.0655200,0.0645000,0.0646900,101540000
FEES,10,20150325,143000,0.0645400,0.0652800,0.0645000,0.0652500,65500000
FEES,10,20150325,144000,0.0651600,0.0651800,0.0650500,0.0651800,7100000
FEES,10,20150325,145000,0.0651000,0.0651200,0.0648700,0.0648900,7680000
FEES,10,20150325,150000,0.0650200,0.0650900,0.0648600,0.0649500,18690000
FEES,10,20150325,151000,0.0649500,0.0649700,0.0641600,0.0646000,83950000
FEES,10,20150325,152000,0.0645900,0.0645900,0.0638900,0.0640700,106380000
FEES,10,20150325,153000,0.0640000,0.0641900,0.0635900,0.0639500,124470000
FEES,10,20150325,154000,0.0640600,0.0642500,0.0639500,0.0640900,31680000
FEES,10,20150325,155000,0.0641300,0.0642700,0.0640100,0.0641000,11690000
FEES,10,20150325,160000,0.0641000,0.0645400,0.0640600,0.0645000,26890000
FEES,10,20150325,161000,0.0644100,0.0644800,0.0641400,0.0643900,20820000
FEES,10,20150325,162000,0.0643900,0.0646200,0.0643900,0.0645800,23370000
FEES,10,20150325,163000,0.0645700,0.0645800,0.0644300,0.0644500,19000000
FEES,10,20150325,164000,0.0645000,0.0645800,0.0644900,0.0645800,17520000
FEES,10,20150325,165000,0.0645800,0.0647000,0.0642900,0.0645000,29290000
FEES,10,20150325,170000,0.0645000,0.0649500,0.0645000,0.0649300,19900000
FEES,10,20150325,171000,0.0649200,0.0651000,0.0648400,0.0649200,45010000
FEES,10,20150325,172000,0.0648700,0.0648700,0.0646200,0.0648300,42400000
FEES,10,20150325,173000,0.0648000,0.0648000,0.0644100,0.0645400,44910000
FEES,10,20150325,174000,0.0645100,0.0645900,0.0642700,0.0644600,48140000
FEES,10,20150325,175000,0.0644500,0.0645500,0.0642700,0.0645400,31050000
FEES,10,20150325,180000,0.0645500,0.0648200,0.0645500,0.0646800,38060000
FEES,10,20150325,181000,0.0647600,0.0647600,0.0643000,0.0644500,183990000
FEES,10,20150325,182000,0.0643900,0.0647700,0.0643300,0.0646300,23560000
FEES,10,20150325,183000,0.0647300,0.0649900,0.0646500,0.0649900,40540000
FEES,10,20150325,184000,0.0649200,0.0651400,0.0647800,0.0649200,94990000
FEES,10,20150325,185000,0.0652000,0.0652000,0.0652000,0.0652000,17920000
FEES,10,20150326,101000,0.0658500,0.0662200,0.0653100,0.0654800,152000000
FEES,10,20150326,102000,0.0655700,0.0668000,0.0655200,0.0661800,182960000
FEES,10,20150326,103000,0.0662000,0.0665000,0.0661600,0.0663000,111510000
FEES,10,20150326,104000,0.0663000,0.0663000,0.0657500,0.0659800,65170000
FEES,10,20150326,105000,0.0658800,0.0660000,0.0655000,0.0659600,85540000
FEES,10,20150326,110000,0.0659500,0.0662000,0.0659000,0.0659900,80440000
FEES,10,20150326,111000,0.0660100,0.0660500,0.0658000,0.0658600,45370000
FEES,10,20150326,112000,0.0658500,0.0658500,0.0653600,0.0654300,86580000
FEES,10,20150326,113000,0.0654100,0.0654100,0.0648200,0.0650000,96940000
FEES,10,20150326,114000,0.0650000,0.0650000,0.0646200,0.0647500,44630000
FEES,10,20150326,115000,0.0647500,0.0654600,0.0647500,0.0652300,55390000
FEES,10,20150326,120000,0.0651200,0.0653100,0.0649000,0.0650900,25040000
FEES,10,20150326,121000,0.0652800,0.0656900,0.0651300,0.0651300,60210000
FEES,10,20150326,122000,0.0651400,0.0654900,0.0650700,0.0654900,21190000
FEES,10,20150326,123000,0.0654000,0.0654900,0.0646500,0.0647300,53420000
FEES,10,20150326,124000,0.0647300,0.0650400,0.0647000,0.0647600,17690000
FEES,10,20150326,125000,0.0647600,0.0648500,0.0645200,0.0648500,34000000
FEES,10,20150326,130000,0.0647900,0.0649800,0.0647000,0.0649800,28330000
FEES,10,20150326,131000,0.0649900,0.0651700,0.0647300,0.0647300,50960000
FEES,10,20150326,132000,0.0648000,0.0648400,0.0647000,0.0647800,12570000
FEES,10,20150326,133000,0.0647700,0.0648100,0.0647600,0.0647700,3250000
FEES,10,20150326,134000,0.0648200,0.0648900,0.0647300,0.0647900,2580000
FEES,10,20150326,135000,0.0647800,0.0648400,0.0642900,0.0644100,41900000
FEES,10,20150326,140000,0.0643000,0.0646000,0.0640200,0.0644700,53320000
FEES,10,20150326,141000,0.0644500,0.0646300,0.0641200,0.0641300,23030000
FEES,10,20150326,142000,0.0641200,0.0644700,0.0641000,0.0644200,6720000
FEES,10,20150326,143000,0.0644100,0.0644200,0.0640900,0.0641100,41490000
FEES,10,20150326,144000,0.0641000,0.0641000,0.0636600,0.0639700,34420000
FEES,10,20150326,145000,0.0638800,0.0641400,0.0637000,0.0638200,52280000
FEES,10,20150326,150000,0.0638100,0.0638100,0.0631300,0.0633900,119490000
FEES,10,20150326,151000,0.0633800,0.0633800,0.0628000,0.0632800,111300000
FEES,10,20150326,152000,0.0632800,0.0634000,0.0630200,0.0631100,21790000
FEES,10,20150326,153000,0.0630400,0.0631500,0.0629000,0.0630400,36470000
FEES,10,20150326,154000,0.0629900,0.0633000,0.0628300,0.0630200,47220000
FEES,10,20150326,155000,0.0630900,0.0632600,0.0629600,0.0632200,23470000
FEES,10,20150326,160000,0.0631000,0.0632500,0.0628300,0.0629700,38280000
FEES,10,20150326,161000,0.0628800,0.0633900,0.0626500,0.0633900,81760000
FEES,10,20150326,162000,0.0633900,0.0640000,0.0631500,0.0636000,138640000
FEES,10,20150326,163000,0.0635200,0.0636600,0.0633000,0.0635600,22030000
FEES,10,20150326,164000,0.0635700,0.0635700,0.0630400,0.0630600,25770000
FEES,10,20150326,165000,0.0631000,0.0631000,0.0620100,0.0623000,151090000
FEES,10,20150326,170000,0.0623300,0.0623800,0.0616000,0.0616000,202820000
FEES,10,20150326,171000,0.0616000,0.0623000,0.0615700,0.0622900,97890000
FEES,10,20150326,172000,0.0622900,0.0623200,0.0619200,0.0621700,53830000
FEES,10,20150326,173000,0.0621700,0.0634000,0.0621700,0.0631200,103930000
FEES,10,20150326,174000,0.0631100,0.0631900,0.0626000,0.0628600,54700000
FEES,10,20150326,175000,0.0629700,0.0631100,0.0628000,0.0628100,10800000
FEES,10,20150326,180000,0.0629200,0.0630300,0.0625300,0.0628700,28860000
FEES,10,20150326,181000,0.0628000,0.0628100,0.0625300,0.0625900,34820000
FEES,10,20150326,182000,0.0625200,0.0628900,0.0624500,0.0627000,39740000
FEES,10,20150326,183000,0.0626600,0.0627100,0.0624000,0.0624500,69730000
FEES,10,20150326,184000,0.0624200,0.0634000,0.0622600,0.0629300,176520000
FEES,10,20150326,185000,0.0631300,0.0631300,0.0631300,0.0631300,19890000
FEES,10,20150327,101000,0.0639900,0.0639900,0.0627200,0.0639000,68000000
FEES,10,20150327,102000,0.0637500,0.0638700,0.0620000,0.0624400,88530000
FEES,10,20150327,103000,0.0623600,0.0627900,0.0616200,0.0625900,120470000
FEES,10,20150327,104000,0.0625900,0.0629000,0.0624300,0.0629000,41450000
FEES,10,20150327,105000,0.0628000,0.0629100,0.0625600,0.0627200,23960000
FEES,10,20150327,110000,0.0627700,0.0627900,0.0621000,0.0627100,19790000
FEES,10,20150327,111000,0.0627900,0.0629100,0.0623600,0.0624400,14210000
FEES,10,20150327,112000,0.0624500,0.0627100,0.0623000,0.0626800,5330000
FEES,10,20150327,113000,0.0626800,0.0633000,0.0626800,0.0631500,28120000
FEES,10,20150327,114000,0.0630600,0.0632300,0.0628700,0.0632300,31780000
FEES,10,20150327,115000,0.0630300,0.0642100,0.0630200,0.0640800,119620000
FEES,10,20150327,120000,0.0640800,0.0641500,0.0636400,0.0639600,59050000
FEES,10,20150327,121000,0.0639600,0.0641500,0.0635700,0.0636700,68170000
FEES,10,20150327,122000,0.0635900,0.0637300,0.0632100,0.0633900,38800000
FEES,10,20150327,123000,0.0632400,0.0635200,0.0631300,0.0631300,53840000
FEES,10,20150327,124000,0.0631300,0.0640100,0.0626100,0.0634600,84780000
FEES,10,20150327,125000,0.0633700,0.0633700,0.0625300,0.0628400,64130000
FEES,10,20150327,130000,0.0629000,0.0629000,0.0624300,0.0624300,29330000
FEES,10,20150327,131000,0.0624000,0.0626900,0.0623000,0.0624100,22000000
FEES,10,20150327,132000,0.0625000,0.0627700,0.0624400,0.0625900,14640000
FEES,10,20150327,133000,0.0626900,0.0626900,0.0624300,0.0625400,2730000
FEES,10,20150327,134000,0.0625200,0.0626200,0.0624600,0.0625500,3700000
FEES,10,20150327,135000,0.0626000,0.0630400,0.0626000,0.0630400,48710000
FEES,10,20150327,140000,0.0630300,0.0631500,0.0627100,0.0627100,8730000
FEES,10,20150327,141000,0.0627200,0.0631500,0.0627200,0.0631500,14190000
FEES,10,20150327,142000,0.0631500,0.0632900,0.0628700,0.0629000,31160000
FEES,10,20150327,143000,0.0628500,0.0632100,0.0627200,0.0627400,16700000
FEES,10,20150327,144000,0.0627300,0.0631900,0.0627000,0.0627200,46280000
FEES,10,20150327,145000,0.0627900,0.0628500,0.0624300,0.0624300,50200000
FEES,10,20150327,150000,0.0624200,0.0625100,0.0622000,0.0623700,39350000
FEES,10,20150327,151000,0.0622600,0.0624900,0.0622000,0.0622700,13210000
FEES,10,20150327,152000,0.0622700,0.0626700,0.0622000,0.0625100,12080000
FEES,10,20150327,153000,0.0625100,0.0625900,0.0623700,0.0625200,12800000
FEES,10,20150327,154000,0.0625200,0.0627900,0.0624600,0.0625700,14480000
FEES,10,20150327,155000,0.0625500,0.0629600,0.0625500,0.0628400,30510000
FEES,10,20150327,160000,0.0628400,0.0630000,0.0628000,0.0628400,31160000
FEES,10,20150327,161000,0.0628400,0.0629500,0.0625000,0.0625200,10570000
FEES,10,20150327,162000,0.0626200,0.0626500,0.0625000,0.0625000,9030000
FEES,10,20150327,163000,0.0625100,0.0628800,0.0625000,0.0628500,8130000
FEES,10,20150327,164000,0.0628300,0.0628600,0.0625800,0.0625800,14520000
FEES,10,20150327,165000,0.0625600,0.0625600,0.0616700,0.0618200,70240000
FEES,10,20150327,170000,0.0617000,0.0621200,0.0614500,0.0616600,42460000
FEES,10,20150327,171000,0.0616300,0.0621100,0.0615200,0.0621100,31750000
FEES,10,20150327,172000,0.0620300,0.0624800,0.0620300,0.0623000,29640000
FEES,10,20150327,173000,0.0623700,0.0624800,0.0623300,0.0624800,5220000
FEES,10,20150327,174000,0.0624200,0.0626500,0.0623900,0.0626500,4050000
FEES,10,20150327,175000,0.0626600,0.0628400,0.0626600,0.0626900,12770000
FEES,10,20150327,180000,0.0626900,0.0628200,0.0626200,0.0627900,7020000
FEES,10,20150327,181000,0.0627900,0.0628800,0.0623000,0.0623100,34670000
FEES,10,20150327,182000,0.0623100,0.0623100,0.0619400,0.0619700,48390000
FEES,10,20150327,183000,0.0619700,0.0619700,0.0616500,0.0619100,47410000
FEES,10,20150327,184000,0.0619100,0.0622700,0.0615600,0.0618700,167730000
FEES,10,20150327,185000,0.0610000,0.0610000,0.0610000,0.0610000,95510000
FEES,10,20150330,101000,0.0612900,0.0626200,0.0611200,0.0624200,189100000
FEES,10,20150330,102000,0.0624200,0.0626000,0.0620000,0.0623800,201380000
FEES,10,20150330,103000,0.0623100,0.0626000,0.0622000,0.0622400,30020000
FEES,10,20150330,104000,0.0622600,0.0624100,0.0618000,0.0622200,57450000
FEES,10,20150330,105000,0.0621900,0.0632900,0.0619300,0.0630200,184530000
FEES,10,20150330,110000,0.0630300,0.0635300,0.0629500,0.0633300,86260000
FEES,10,20150330,111000,0.0633300,0.0634700,0.0631200,0.0632500,90550000
FEES,10,20150330,112000,0.0632700,0.0633200,0.0629000,0.0631500,22380000
FEES,10,20150330,113000,0.0631300,0.0633500,0.0628500,0.0633400,31970000
FEES,10,20150330,114000,0.0633300,0.0634000,0.0630000,0.0630600,35550000
FEES,10,20150330,115000,0.0631200,0.0631700,0.0626800,0.0626900,46920000
FEES,10,20150330,120000,0.0627800,0.0630100,0.0627200,0.0627200,12930000
FEES,10,20150330,121000,0.0628600,0.0631500,0.0627200,0.0629200,24120000
FEES,10,20150330,122000,0.0630000,0.0631300,0.0628700,0.0630100,13010000
FEES,10,20150330,123000,0.0631000,0.0634700,0.0631000,0.0634400,46520000
FEES,10,20150330,124000,0.0634400,0.0635000,0.0632100,0.0633500,41260000
FEES,10,20150330,125000,0.0633100,0.0634400,0.0630800,0.0631600,9120000
FEES,10,20150330,130000,0.0630900,0.0630900,0.0624800,0.0627400,68280000
FEES,10,20150330,131000,0.0627500,0.0629500,0.0627500,0.0627900,24190000
FEES,10,20150330,132000,0.0628900,0.0629200,0.0628300,0.0628300,15150000
FEES,10,20150330,133000,0.0627800,0.0629300,0.0627700,0.0629300,11090000
FEES,10,20150330,134000,0.0629300,0.0629300,0.0626500,0.0627800,22500000
FEES,10,20150330,135000,0.0627300,0.0628200,0.0626600,0.0626600,9010000
FEES,10,20150330,140000,0.0627300,0.0627300,0.0625200,0.0625500,16170000
FEES,10,20150330,141000,0.0625900,0.0630500,0.0625900,0.0629600,25210000
FEES,10,20150330,142000,0.0629900,0.0631700,0.0629500,0.0630000,22000000
FEES,10,20150330,143000,0.0629500,0.0630400,0.0628700,0.0629900,8160000
FEES,10,20150330,144000,0.0630000,0.0630900,0.0628600,0.0630400,18930000
FEES,10,20150330,145000,0.0629600,0.0630400,0.0628200,0.0628800,16430000
FEES,10,20150330,150000,0.0628200,0.0628600,0.0627200,0.0627200,9800000
FEES,10,20150330,151000,0.0628000,0.0630000,0.0627600,0.0629800,12120000
FEES,10,20150330,152000,0.0629100,0.0630800,0.0628400,0.0630000,15690000
FEES,10,20150330,153000,0.0630500,0.0632200,0.0630500,0.0631600,15580000
FEES,10,20150330,154000,0.0630900,0.0630900,0.0628800,0.0629500,25560000
FEES,10,20150330,155000,0.0629300,0.0629300,0.0627500,0.0628600,25410000
FEES,10,20150330,160000,0.0629000,0.0629300,0.0627700,0.0628400,40930000
FEES,10,20150330,161000,0.0627800,0.0628500,0.0627400,0.0628500,13960000
FEES,10,20150330,162000,0.0628500,0.0629100,0.0628400,0.0629100,45890000
FEES,10,20150330,163000,0.0629100,0.0629100,0.0628000,0.0628000,20270000
FEES,10,20150330,164000,0.0628500,0.0629100,0.0627600,0.0628500,12960000
FEES,10,20150330,165000,0.0628500,0.0628500,0.0622000,0.0625500,92530000
FEES,10,20150330,170000,0.0625500,0.0625900,0.0622700,0.0624300,28340000
FEES,10,20150330,171000,0.0624200,0.0624300,0.0623500,0.0624300,34940000
FEES,10,20150330,172000,0.0624300,0.0624300,0.0623300,0.0624200,14000000
FEES,10,20150330,173000,0.0623900,0.0625900,0.0622700,0.0625600,101500000
FEES,10,20150330,174000,0.0625500,0.0626000,0.0624900,0.0625200,29510000
FEES,10,20150330,175000,0.0625700,0.0625900,0.0623000,0.0625500,28290000
FEES,10,20150330,180000,0.0625900,0.0626000,0.0625400,0.0626000,9490000
FEES,10,20150330,181000,0.0626000,0.0626000,0.0625700,0.0625700,61450000
FEES,10,20150330,182000,0.0625700,0.0626400,0.0625000,0.0625000,34450000
FEES,10,20150330,183000,0.0625000,0.0626000,0.0622100,0.0623600,142610000
FEES,10,20150330,184000,0.0623400,0.0627400,0.0620000,0.0622900,167540000
FEES,10,20150330,185000,0.0623000,0.0623000,0.0623000,0.0623000,6370000
FEES,10,20150331,101000,0.0625100,0.0631000,0.0624000,0.0630800,136430000
FEES,10,20150331,102000,0.0630600,0.0630900,0.0627000,0.0627600,71500000
FEES,10,20150331,103000,0.0627800,0.0628500,0.0624200,0.0626700,57860000
FEES,10,20150331,104000,0.0627000,0.0629200,0.0625800,0.0627000,27950000
FEES,10,20150331,105000,0.0627200,0.0628200,0.0625800,0.0627200,21620000
FEES,10,20150331,110000,0.0626300,0.0627900,0.0625800,0.0625800,25750000
FEES,10,20150331,111000,0.0625800,0.0626100,0.0625000,0.0625500,67910000
FEES,10,20150331,112000,0.0625500,0.0625700,0.0625000,0.0625000,34300000
FEES,10,20150331,113000,0.0625100,0.0625800,0.0625000,0.0625000,22590000
FEES,10,20150331,114000,0.0625000,0.0630000,0.0625000,0.0629600,53500000
FEES,10,20150331,115000,0.0629200,0.0643700,0.0629200,0.0639900,260630000
FEES,10,20150331,120000,0.0639900,0.0644200,0.0637100,0.0637700,158810000
FEES,10,20150331,121000,0.0637200,0.0651600,0.0636600,0.0650400,231130000
FEES,10,20150331,122000,0.0651000,0.0651900,0.0645000,0.0645900,150260000
FEES,10,20150331,123000,0.0645100,0.0650300,0.0645000,0.0649000,68280000
FEES,10,20150331,124000,0.0650400,0.0651700,0.0648200,0.0650000,68520000
FEES,10,20150331,125000,0.0650000,0.0651000,0.0647000,0.0648000,85670000
FEES,10,20150331,130000,0.0647300,0.0648000,0.0644300,0.0646100,54560000
FEES,10,20150331,131000,0.0646100,0.0646700,0.0641300,0.0644100,49410000
FEES,10,20150331,132000,0.0644100,0.0646000,0.0644000,0.0644800,26350000
FEES,10,20150331,133000,0.0644100,0.0645700,0.0643600,0.0645000,24410000
FEES,10,20150331,134000,0.0645000,0.0645500,0.0645000,0.0645000,30580000
FEES,10,20150331,135000,0.0645500,0.0649500,0.0645000,0.0647800,30900000
FEES,10,20150331,140000,0.0647800,0.0658500,0.0646600,0.0655500,195080000
FEES,10,20150331,141000,0.0655400,0.0659500,0.0652000,0.0652000,132250000
FEES,10,20150331,142000,0.0652300,0.0652900,0.0650000,0.0650100,30190000
FEES,10,20150331,143000,0.0650100,0.0652000,0.0647900,0.0650800,54990000
FEES,10,20150331,144000,0.0650700,0.0651600,0.0648300,0.0651500,23030000
FEES,10,20150331,145000,0.0651400,0.0655400,0.0648200,0.0650800,61030000
FEES,10,20150331,150000,0.0651600,0.0652900,0.0649800,0.0651600,11720000
FEES,10,20150331,151000,0.0652200,0.0652200,0.0648300,0.0649200,44030000
FEES,10,20150331,152000,0.0650000,0.0653800,0.0650000,0.0652000,21340000
FEES,10,20150331,153000,0.0652000,0.0654900,0.0652000,0.0654900,27720000
FEES,10,20150331,154000,0.0654000,0.0655500,0.0653300,0.0654000,26120000
FEES,10,20150331,155000,0.0653300,0.0654000,0.0652000,0.0654000,31920000
FEES,10,20150331,160000,0.0654000,0.0655500,0.0652600,0.0653200,19900000
FEES,10,20150331,161000,0.0653100,0.0655500,0.0652300,0.0652600,43970000
FEES,10,20150331,162000,0.0652600,0.0653400,0.0648600,0.0650000,74680000
FEES,10,20150331,163000,0.0649700,0.0651000,0.0649700,0.0650800,6970000
FEES,10,20150331,164000,0.0650800,0.0653600,0.0650800,0.0653300,7520000
FEES,10,20150331,165000,0.0653200,0.0653700,0.0651700,0.0652800,10900000
FEES,10,20150331,170000,0.0651800,0.0652600,0.0650700,0.0652600,13630000
FEES,10,20150331,171000,0.0652500,0.0653400,0.0650800,0.0652300,17610000
FEES,10,20150331,172000,0.0652500,0.0652500,0.0649900,0.0651300,21450000
FEES,10,20150331,173000,0.0651800,0.0652200,0.0651000,0.0651100,7130000
FEES,10,20150331,174000,0.0652000,0.0654700,0.0652000,0.0654700,25750000
FEES,10,20150331,175000,0.0654000,0.0654900,0.0652800,0.0653800,12720000
FEES,10,20150331,180000,0.0652800,0.0653900,0.0652200,0.0653900,16840000
FEES,10,20150331,181000,0.0653900,0.0657700,0.0652900,0.0655600,56390000
FEES,10,20150331,182000,0.0656200,0.0658000,0.0652700,0.0655700,47490000
FEES,10,20150331,183000,0.0655300,0.0658000,0.0653400,0.0657400,47380000
FEES,10,20150331,184000,0.0656300,0.0660500,0.0656200,0.0659200,318420000
FEES,10,20150331,185000,0.0658800,0.0658800,0.0658800,0.0658800,19660000
