GMKN,10,20170601,101000,7949.0000000,7958.0000000,7870.0000000,7872.0000000,12516
GMKN,10,20170601,102000,7877.0000000,7879.0000000,7845.0000000,7846.0000000,14008
GMKN,10,20170601,103000,7848.0000000,7900.0000000,7833.0000000,7888.0000000,9577
GMKN,10,20170601,104000,7887.0000000,7900.0000000,7870.0000000,7897.0000000,5917
GMKN,10,20170601,105000,7896.0000000,7899.0000000,7846.0000000,7846.0000000,6647
GMKN,10,20170601,110000,7850.0000000,7866.0000000,7842.0000000,7859.0000000,5961
GMKN,10,20170601,111000,7854.0000000,7861.0000000,7842.0000000,7842.0000000,4708
GMKN,10,20170601,112000,7842.0000000,7842.0000000,7812.0000000,7817.0000000,8764
GMKN,10,20170601,113000,7816.0000000,7817.0000000,7780.0000000,7780.0000000,12646
GMKN,10,20170601,114000,7780.0000000,7813.0000000,7750.0000000,7811.0000000,14623
GMKN,10,20170601,115000,7805.0000000,7810.0000000,7773.0000000,7773.0000000,8623
GMKN,10,20170601,120000,7772.0000000,7795.0000000,7771.0000000,7779.0000000,7991
GMKN,10,20170601,121000,7779.0000000,7799.0000000,7777.0000000,7797.0000000,6063
GMKN,10,20170601,122000,7797.0000000,7800.0000000,7787.0000000,7791.0000000,6376
GMKN,10,20170601,123000,7794.0000000,7795.0000000,7785.0000000,7789.0000000,2731
GMKN,10,20170601,124000,7785.0000000,7787.0000000,7776.0000000,7783.0000000,5220
GMKN,10,20170601,125000,7782.0000000,7811.0000000,7781.0000000,7798.0000000,7721
GMKN,10,20170601,130000,7796.0000000,7798.0000000,7775.0000000,7777.0000000,11177
GMKN,10,20170601,131000,7775.0000000,7787.0000000,7775.0000000,7780.0000000,3833
GMKN,10,20170601,132000,7778.0000000,7800.0000000,7777.0000000,7798.0000000,4976
GMKN,10,20170601,133000,7798.0000000,7807.0000000,7794.0000000,7807.0000000,2894
GMKN,10,20170601,134000,7808.0000000,7811.0000000,7785.0000000,7790.0000000,3611
GMKN,10,20170601,135000,7786.0000000,7800.0000000,7786.0000000,7797.0000000,3082
GMKN,10,20170601,140000,7795.0000000,7809.0000000,7792.0000000,7805.0000000,1220
GMKN,10,20170601,141000,7807.0000000,7829.0000000,7807.0000000,7819.0000000,3519
GMKN,10,20170601,142000,7819.0000000,7827.0000000,7806.0000000,7816.0000000,2185
GMKN,10,20170601,143000,7816.0000000,7819.0000000,7802.0000000,7809.0000000,1305
GMKN,10,20170601,144000,7807.0000000,7823.0000000,7807.0000000,7823.0000000,4733
GMKN,10,20170601,145000,7820.0000000,7822.0000000,7805.0000000,7810.0000000,858
GMKN,10,20170601,150000,7807.0000000,7816.0000000,7807.0000000,7809.0000000,735
GMKN,10,20170601,151000,7813.0000000,7814.0000000,7789.0000000,7800.0000000,2214
GMKN,10,20170601,152000,7800.0000000,7819.0000000,7800.0000000,7813.0000000,2884
GMKN,10,20170601,153000,7813.0000000,7844.0000000,7805.0000000,7844.0000000,5516
GMKN,10,20170601,154000,7844.0000000,7844.0000000,7820.0000000,7834.0000000,3847
GMKN,10,20170601,155000,7834.0000000,7834.0000000,7816.0000000,7816.0000000,2750
GMKN,10,20170601,160000,7815.0000000,7820.0000000,7810.0000000,7818.0000000,1330
GMKN,10,20170601,161000,7816.0000000,7820.0000000,7807.0000000,7813.0000000,2321
GMKN,10,20170601,162000,7813.0000000,7815.0000000,7791.0000000,7798.0000000,2889
GMKN,10,20170601,163000,7793.0000000,7801.0000000,7781.0000000,7793.0000000,3727
GMKN,10,20170601,164000,7793.0000000,7801.0000000,7787.0000000,7799.0000000,1946
GMKN,10,20170601,165000,7799.0000000,7802.0000000,7780.0000000,7783.0000000,3230
GMKN,10,20170601,170000,7781.0000000,7786.0000000,7778.0000000,7786.0000000,3294
GMKN,10,20170601,171000,7785.0000000,7788.0000000,7765.0000000,7783.0000000,6026
GMKN,10,20170601,172000,7779.0000000,7781.0000000,7760.0000000,7766.0000000,4925
GMKN,10,20170601,173000,7762.0000000,7766.0000000,7750.0000000,7750.0000000,7490
GMKN,10,20170601,174000,7753.0000000,7774.0000000,7751.0000000,7773.0000000,3171
GMKN,10,20170601,175000,7772.0000000,7795.0000000,7770.0000000,7784.0000000,5701
GMKN,10,20170601,180000,7781.0000000,7795.0000000,7774.0000000,7791.0000000,7319
GMKN,10,20170601,181000,7791.0000000,7815.0000000,7780.0000000,7804.0000000,5397
GMKN,10,20170601,182000,7808.0000000,7808.0000000,7790.0000000,7800.0000000,9484
GMKN,10,20170601,183000,7800.0000000,7804.0000000,7779.0000000,7787.0000000,4273
GMKN,10,20170601,184000,7784.0000000,7798.0000000,7770.0000000,7798.0000000,7877
GMKN,10,20170601,185000,7791.0000000,7791.0000000,7791.0000000,7791.0000000,1787
GMKN,10,20170602,101000,7800.0000000,7803.0000000,7740.0000000,7749.0000000,8677
GMKN,10,20170602,102000,7749.0000000,7750.0000000,7691.0000000,7705.0000000,12246
GMKN,10,20170602,103000,7700.0000000,7716.0000000,7677.0000000,7703.0000000,16239
GMKN,10,20170602,104000,7703.0000000,7718.0000000,7700.0000000,7713.0000000,11624
GMKN,10,20170602,105000,7710.0000000,7715.0000000,7701.0000000,7706.0000000,6478
GMKN,10,20170602,110000,7706.0000000,7723.0000000,7691.0000000,7712.0000000,6133
GMKN,10,20170602,111000,7715.0000000,7725.0000000,7710.0000000,7724.0000000,3087
GMKN,10,20170602,112000,7724.0000000,7743.0000000,7724.0000000,7733.0000000,4342
GMKN,10,20170602,113000,7735.0000000,7767.0000000,7730.0000000,7766.0000000,5146
GMKN,10,20170602,114000,7766.0000000,7830.0000000,7766.0000000,7826.0000000,9978
GMKN,10,20170602,115000,7825.0000000,7890.0000000,7818.0000000,7857.0000000,11797
GMKN,10,20170602,120000,7859.0000000,7860.0000000,7821.0000000,7833.0000000,6442
GMKN,10,20170602,121000,7835.0000000,7838.0000000,7802.0000000,7811.0000000,3773
GMKN,10,20170602,122000,7804.0000000,7814.0000000,7785.0000000,7810.0000000,3090
GMKN,10,20170602,123000,7806.0000000,7816.0000000,7805.0000000,7813.0000000,1612
GMKN,10,20170602,124000,7811.0000000,7811.0000000,7793.0000000,7796.0000000,1897
GMKN,10,20170602,125000,7798.0000000,7802.0000000,7777.0000000,7777.0000000,3921
GMKN,10,20170602,130000,7786.0000000,7786.0000000,7755.0000000,7762.0000000,4230
GMKN,10,20170602,131000,7760.0000000,7777.0000000,7759.0000000,7765.0000000,1627
GMKN,10,20170602,132000,7764.0000000,7765.0000000,7751.0000000,7755.0000000,1759
GMKN,10,20170602,133000,7751.0000000,7752.0000000,7734.0000000,7734.0000000,3335
GMKN,10,20170602,134000,7735.0000000,7741.0000000,7725.0000000,7729.0000000,2624
GMKN,10,20170602,135000,7726.0000000,7747.0000000,7719.0000000,7747.0000000,2522
GMKN,10,20170602,140000,7745.0000000,7745.0000000,7705.0000000,7712.0000000,4528
GMKN,10,20170602,141000,7712.0000000,7716.0000000,7701.0000000,7701.0000000,1898
GMKN,10,20170602,142000,7703.0000000,7708.0000000,7691.0000000,7703.0000000,6402
GMKN,10,20170602,143000,7701.0000000,7709.0000000,7701.0000000,7702.0000000,2196
GMKN,10,20170602,144000,7702.0000000,7705.0000000,7695.0000000,7699.0000000,3438
GMKN,10,20170602,145000,7697.0000000,7703.0000000,7695.0000000,7700.0000000,1142
GMKN,10,20170602,150000,7696.0000000,7708.0000000,7692.0000000,7700.0000000,1602
GMKN,10,20170602,151000,7704.0000000,7713.0000000,7698.0000000,7711.0000000,3079
GMKN,10,20170602,152000,7711.0000000,7720.0000000,7701.0000000,7703.0000000,3320
GMKN,10,20170602,153000,7703.0000000,7711.0000000,7700.0000000,7700.0000000,1032
GMKN,10,20170602,154000,7700.0000000,7716.0000000,7685.0000000,7716.0000000,7958
GMKN,10,20170602,155000,7716.0000000,7716.0000000,7700.0000000,7710.0000000,1222
GMKN,10,20170602,160000,7710.0000000,7710.0000000,7701.0000000,7707.0000000,891
GMKN,10,20170602,161000,7708.0000000,7730.0000000,7708.0000000,7730.0000000,6473
GMKN,10,20170602,162000,7730.0000000,7740.0000000,7730.0000000,7736.0000000,3424
GMKN,10,20170602,163000,7736.0000000,7740.0000000,7723.0000000,7727.0000000,3820
GMKN,10,20170602,164000,7727.0000000,7728.0000000,7702.0000000,7710.0000000,2182
GMKN,10,20170602,165000,7705.0000000,7723.0000000,7702.0000000,7715.0000000,2680
GMKN,10,20170602,170000,7723.0000000,7732.0000000,7711.0000000,7711.0000000,2429
GMKN,10,20170602,171000,7715.0000000,7740.0000000,7708.0000000,7740.0000000,2959
GMKN,10,20170602,172000,7734.0000000,7769.0000000,7731.0000000,7758.0000000,5388
GMKN,10,20170602,173000,7764.0000000,7782.0000000,7756.0000000,7768.0000000,4383
GMKN,10,20170602,174000,7768.0000000,7789.0000000,7761.0000000,7789.0000000,1447
GMKN,10,20170602,175000,7790.0000000,7824.0000000,7787.0000000,7787.0000000,7233
GMKN,10,20170602,180000,7787.0000000,7804.0000000,7780.0000000,7801.0000000,1515
GMKN,10,20170602,181000,7801.0000000,7818.0000000,7801.0000000,7814.0000000,1781
GMKN,10,20170602,182000,7811.0000000,7838.0000000,7810.0000000,7827.0000000,4324
GMKN,10,20170602,183000,7827.0000000,7833.0000000,7806.0000000,7810.0000000,3729
GMKN,10,20170602,184000,7807.0000000,7835.0000000,7805.0000000,7835.0000000,6398
GMKN,10,20170602,185000,7829.0000000,7829.0000000,7829.0000000,7829.0000000,1432
GMKN,10,20170605,101000,7850.0000000,7899.0000000,7812.0000000,7832.0000000,8653
GMKN,10,20170605,102000,7827.0000000,7850.0000000,7800.0000000,7811.0000000,5376
GMKN,10,20170605,103000,7811.0000000,7815.0000000,7791.0000000,7809.0000000,4370
GMKN,10,20170605,104000,7809.0000000,7833.0000000,7796.0000000,7831.0000000,4389
GMKN,10,20170605,105000,7835.0000000,7850.0000000,7834.0000000,7844.0000000,2214
GMKN,10,20170605,110000,7844.0000000,7872.0000000,7840.0000000,7867.0000000,2274
GMKN,10,20170605,111000,7867.0000000,7890.0000000,7860.0000000,7890.0000000,2306
GMKN,10,20170605,112000,7891.0000000,7898.0000000,7888.0000000,7891.0000000,2289
GMKN,10,20170605,113000,7895.0000000,7898.0000000,7884.0000000,7887.0000000,5374
GMKN,10,20170605,114000,7890.0000000,7890.0000000,7861.0000000,7868.0000000,3834
GMKN,10,20170605,115000,7868.0000000,7885.0000000,7867.0000000,7885.0000000,674
GMKN,10,20170605,120000,7884.0000000,7894.0000000,7881.0000000,7887.0000000,1267
GMKN,10,20170605,121000,7887.0000000,7905.0000000,7884.0000000,7903.0000000,3367
GMKN,10,20170605,122000,7900.0000000,7908.0000000,7881.0000000,7887.0000000,3764
GMKN,10,20170605,123000,7889.0000000,7897.0000000,7882.0000000,7893.0000000,2089
GMKN,10,20170605,124000,7895.0000000,7899.0000000,7882.0000000,7888.0000000,964
GMKN,10,20170605,125000,7887.0000000,7895.0000000,7885.0000000,7895.0000000,333
GMKN,10,20170605,130000,7894.0000000,7921.0000000,7890.0000000,7909.0000000,3419
GMKN,10,20170605,131000,7910.0000000,7925.0000000,7883.0000000,7890.0000000,3836
GMKN,10,20170605,132000,7887.0000000,7889.0000000,7879.0000000,7885.0000000,2025
GMKN,10,20170605,133000,7883.0000000,7888.0000000,7882.0000000,7888.0000000,498
GMKN,10,20170605,134000,7888.0000000,7914.0000000,7883.0000000,7911.0000000,3423
GMKN,10,20170605,135000,7911.0000000,7912.0000000,7897.0000000,7906.0000000,1718
GMKN,10,20170605,140000,7908.0000000,7939.0000000,7905.0000000,7928.0000000,5656
GMKN,10,20170605,141000,7928.0000000,7955.0000000,7923.0000000,7955.0000000,4646
GMKN,10,20170605,142000,7955.0000000,7975.0000000,7952.0000000,7962.0000000,6710
GMKN,10,20170605,143000,7963.0000000,7973.0000000,7953.0000000,7953.0000000,2318
GMKN,10,20170605,144000,7959.0000000,7959.0000000,7942.0000000,7942.0000000,2712
GMKN,10,20170605,145000,7945.0000000,7950.0000000,7930.0000000,7950.0000000,1411
GMKN,10,20170605,150000,7950.0000000,7950.0000000,7938.0000000,7938.0000000,3633
GMKN,10,20170605,151000,7942.0000000,7944.0000000,7907.0000000,7915.0000000,5350
GMKN,10,20170605,152000,7916.0000000,7921.0000000,7909.0000000,7910.0000000,5726
GMKN,10,20170605,153000,7911.0000000,7916.0000000,7909.0000000,7912.0000000,1662
GMKN,10,20170605,154000,7915.0000000,7916.0000000,7907.0000000,7908.0000000,3414
GMKN,10,20170605,155000,7908.0000000,7914.0000000,7895.0000000,7900.0000000,6282
GMKN,10,20170605,160000,7901.0000000,7901.0000000,7890.0000000,7890.0000000,5388
GMKN,10,20170605,161000,7890.0000000,7897.0000000,7886.0000000,7887.0000000,3864
GMKN,10,20170605,162000,7892.0000000,7894.0000000,7883.0000000,7887.0000000,2371
GMKN,10,20170605,163000,7890.0000000,7892.0000000,7874.0000000,7878.0000000,2240
GMKN,10,20170605,164000,7878.0000000,7897.0000000,7873.0000000,7896.0000000,1274
GMKN,10,20170605,165000,7899.0000000,7899.0000000,7879.0000000,7879.0000000,3102
GMKN,10,20170605,170000,7882.0000000,7888.0000000,7880.0000000,7884.0000000,1073
GMKN,10,20170605,171000,7887.0000000,7898.0000000,7880.0000000,7895.0000000,2928
GMKN,10,20170605,172000,7895.0000000,7900.0000000,7881.0000000,7896.0000000,942
GMKN,10,20170605,173000,7898.0000000,7918.0000000,7898.0000000,7910.0000000,2740
GMKN,10,20170605,174000,7913.0000000,7923.0000000,7905.0000000,7909.0000000,1893
GMKN,10,20170605,175000,7909.0000000,7912.0000000,7896.0000000,7903.0000000,1902
GMKN,10,20170605,180000,7905.0000000,7907.0000000,7882.0000000,7894.0000000,1424
GMKN,10,20170605,181000,7894.0000000,7925.0000000,7890.0000000,7925.0000000,1690
GMKN,10,20170605,182000,7925.0000000,7939.0000000,7921.0000000,7924.0000000,2578
GMKN,10,20170605,183000,7925.0000000,7926.0000000,7906.0000000,7906.0000000,1734
GMKN,10,20170605,184000,7908.0000000,7921.0000000,7885.0000000,7902.0000000,4021
GMKN,10,20170605,185000,7887.0000000,7887.0000000,7887.0000000,7887.0000000,514
GMKN,10,20170606,101000,7925.0000000,7955.0000000,7909.0000000,7912.0000000,4582
GMKN,10,20170606,102000,7909.0000000,7913.0000000,7863.0000000,7887.0000000,12472
GMKN,10,20170606,103000,7887.0000000,7887.0000000,7834.0000000,7854.0000000,7054
GMKN,10,20170606,104000,7853.0000000,7853.0000000,7820.0000000,7825.0000000,6208
GMKN,10,20170606,105000,7821.0000000,7829.0000000,7812.0000000,7812.0000000,3604
GMKN,10,20170606,110000,7812.0000000,7825.0000000,7809.0000000,7820.0000000,2515
GMKN,10,20170606,111000,7822.0000000,7823.0000000,7800.0000000,7815.0000000,4929
GMKN,10,20170606,112000,7815.0000000,7840.0000000,7811.0000000,7832.0000000,1924
GMKN,10,20170606,113000,7837.0000000,7839.0000000,7821.0000000,7833.0000000,2864
GMKN,10,20170606,114000,7832.0000000,7859.0000000,7829.0000000,7853.0000000,2302
GMKN,10,20170606,115000,7850.0000000,7852.0000000,7825.0000000,7827.0000000,3267
GMKN,10,20170606,120000,7827.0000000,7830.0000000,7819.0000000,7824.0000000,1434
GMKN,10,20170606,121000,7820.0000000,7833.0000000,7818.0000000,7819.0000000,1886
GMKN,10,20170606,122000,7819.0000000,7834.0000000,7807.0000000,7834.0000000,1416
GMKN,10,20170606,123000,7834.0000000,7840.0000000,7827.0000000,7833.0000000,463
GMKN,10,20170606,124000,7835.0000000,7839.0000000,7824.0000000,7824.0000000,1219
GMKN,10,20170606,125000,7821.0000000,7821.0000000,7812.0000000,7819.0000000,572
GMKN,10,20170606,130000,7820.0000000,7823.0000000,7805.0000000,7817.0000000,2736
GMKN,10,20170606,131000,7820.0000000,7820.0000000,7813.0000000,7819.0000000,1073
GMKN,10,20170606,132000,7819.0000000,7840.0000000,7819.0000000,7829.0000000,2883
GMKN,10,20170606,133000,7834.0000000,7841.0000000,7830.0000000,7835.0000000,1192
GMKN,10,20170606,134000,7833.0000000,7839.0000000,7831.0000000,7833.0000000,583
GMKN,10,20170606,135000,7835.0000000,7839.0000000,7832.0000000,7839.0000000,542
GMKN,10,20170606,140000,7839.0000000,7840.0000000,7822.0000000,7834.0000000,1386
GMKN,10,20170606,141000,7833.0000000,7837.0000000,7825.0000000,7836.0000000,742
GMKN,10,20170606,142000,7835.0000000,7848.0000000,7827.0000000,7827.0000000,1999
GMKN,10,20170606,143000,7827.0000000,7846.0000000,7827.0000000,7832.0000000,1376
GMKN,10,20170606,144000,7832.0000000,7839.0000000,7832.0000000,7837.0000000,153
GMKN,10,20170606,145000,7837.0000000,7838.0000000,7825.0000000,7827.0000000,556
GMKN,10,20170606,150000,7825.0000000,7835.0000000,7825.0000000,7830.0000000,603
GMKN,10,20170606,151000,7831.0000000,7836.0000000,7825.0000000,7833.0000000,2359
GMKN,10,20170606,152000,7833.0000000,7849.0000000,7832.0000000,7838.0000000,2812
GMKN,10,20170606,153000,7834.0000000,7834.0000000,7820.0000000,7828.0000000,3322
GMKN,10,20170606,154000,7824.0000000,7830.0000000,7820.0000000,7826.0000000,1582
GMKN,10,20170606,155000,7826.0000000,7826.0000000,7820.0000000,7824.0000000,603
GMKN,10,20170606,160000,7823.0000000,7843.0000000,7823.0000000,7841.0000000,689
GMKN,10,20170606,161000,7841.0000000,7845.0000000,7835.0000000,7836.0000000,1931
GMKN,10,20170606,162000,7836.0000000,7840.0000000,7835.0000000,7835.0000000,497
GMKN,10,20170606,163000,7835.0000000,7848.0000000,7831.0000000,7843.0000000,901
GMKN,10,20170606,164000,7845.0000000,7848.0000000,7837.0000000,7845.0000000,1179
GMKN,10,20170606,165000,7842.0000000,7849.0000000,7841.0000000,7843.0000000,503
GMKN,10,20170606,170000,7843.0000000,7855.0000000,7841.0000000,7850.0000000,2321
GMKN,10,20170606,171000,7849.0000000,7850.0000000,7832.0000000,7848.0000000,1480
GMKN,10,20170606,172000,7850.0000000,7860.0000000,7841.0000000,7845.0000000,1388
GMKN,10,20170606,173000,7841.0000000,7859.0000000,7834.0000000,7857.0000000,2142
GMKN,10,20170606,174000,7856.0000000,7914.0000000,7854.0000000,7876.0000000,7384
GMKN,10,20170606,175000,7876.0000000,7880.0000000,7855.0000000,7880.0000000,5242
GMKN,10,20170606,180000,7880.0000000,7884.0000000,7869.0000000,7871.0000000,592
GMKN,10,20170606,181000,7875.0000000,7894.0000000,7875.0000000,7893.0000000,2348
GMKN,10,20170606,182000,7891.0000000,7891.0000000,7880.0000000,7882.0000000,2317
GMKN,10,20170606,183000,7886.0000000,7894.0000000,7885.0000000,7892.0000000,2117
GMKN,10,20170606,184000,7894.0000000,7908.0000000,7877.0000000,7881.0000000,6324
GMKN,10,20170606,185000,7898.0000000,7898.0000000,7898.0000000,7898.0000000,186
GMKN,10,20170607,101000,7895.0000000,7920.0000000,7861.0000000,7869.0000000,3804
GMKN,10,20170607,102000,7873.0000000,7880.0000000,7854.0000000,7879.0000000,3384
GMKN,10,20170607,103000,7879.0000000,7890.0000000,7868.0000000,7880.0000000,2467
GMKN,10,20170607,104000,7880.0000000,7882.0000000,7863.0000000,7873.0000000,2315
GMKN,10,20170607,105000,7872.0000000,7873.0000000,7858.0000000,7867.0000000,2075
GMKN,10,20170607,110000,7868.0000000,7868.0000000,7858.0000000,7862.0000000,3830
GMKN,10,20170607,111000,7863.0000000,7874.0000000,7854.0000000,7869.0000000,2653
GMKN,10,20170607,112000,7870.0000000,7879.0000000,7860.0000000,7870.0000000,980
GMKN,10,20170607,113000,7870.0000000,7870.0000000,7860.0000000,7860.0000000,730
GMKN,10,20170607,114000,7864.0000000,7877.0000000,7862.0000000,7874.0000000,803
GMKN,10,20170607,115000,7874.0000000,7907.0000000,7868.0000000,7906.0000000,4240
GMKN,10,20170607,120000,7901.0000000,7915.0000000,7900.0000000,7905.0000000,2323
GMKN,10,20170607,121000,7904.0000000,7920.0000000,7901.0000000,7920.0000000,2052
GMKN,10,20170607,122000,7920.0000000,7933.0000000,7915.0000000,7919.0000000,3020
GMKN,10,20170607,123000,7919.0000000,7919.0000000,7910.0000000,7913.0000000,1097
GMKN,10,20170607,124000,7916.0000000,7922.0000000,7907.0000000,7922.0000000,904
GMKN,10,20170607,125000,7922.0000000,7946.0000000,7922.0000000,7945.0000000,2824
GMKN,10,20170607,130000,7945.0000000,7954.0000000,7943.0000000,7949.0000000,2448
GMKN,10,20170607,131000,7946.0000000,7953.0000000,7940.0000000,7940.0000000,999
GMKN,10,20170607,132000,7940.0000000,7954.0000000,7939.0000000,7950.0000000,1685
GMKN,10,20170607,133000,7954.0000000,7954.0000000,7940.0000000,7951.0000000,1337
GMKN,10,20170607,134000,7950.0000000,7952.0000000,7939.0000000,7947.0000000,1991
GMKN,10,20170607,135000,7945.0000000,7945.0000000,7936.0000000,7940.0000000,933
GMKN,10,20170607,140000,7938.0000000,7940.0000000,7935.0000000,7935.0000000,1591
GMKN,10,20170607,141000,7938.0000000,7940.0000000,7935.0000000,7936.0000000,1498
GMKN,10,20170607,142000,7940.0000000,7940.0000000,7925.0000000,7928.0000000,1429
GMKN,10,20170607,143000,7930.0000000,7936.0000000,7922.0000000,7925.0000000,2115
GMKN,10,20170607,144000,7928.0000000,7928.0000000,7924.0000000,7924.0000000,209
GMKN,10,20170607,145000,7926.0000000,7932.0000000,7925.0000000,7932.0000000,550
GMKN,10,20170607,150000,7932.0000000,7940.0000000,7926.0000000,7934.0000000,1382
GMKN,10,20170607,151000,7933.0000000,7949.0000000,7932.0000000,7946.0000000,642
GMKN,10,20170607,152000,7946.0000000,7946.0000000,7927.0000000,7927.0000000,992
GMKN,10,20170607,153000,7932.0000000,7942.0000000,7929.0000000,7936.0000000,1269
GMKN,10,20170607,154000,7935.0000000,7944.0000000,7930.0000000,7932.0000000,997
GMKN,10,20170607,155000,7932.0000000,7937.0000000,7925.0000000,7930.0000000,1054
GMKN,10,20170607,160000,7930.0000000,7932.0000000,7925.0000000,7925.0000000,1763
GMKN,10,20170607,161000,7929.0000000,7940.0000000,7926.0000000,7937.0000000,1883
GMKN,10,20170607,162000,7935.0000000,7942.0000000,7929.0000000,7937.0000000,935
GMKN,10,20170607,163000,7934.0000000,7937.0000000,7915.0000000,7915.0000000,2462
GMKN,10,20170607,164000,7916.0000000,7925.0000000,7915.0000000,7922.0000000,1831
GMKN,10,20170607,165000,7922.0000000,7924.0000000,7910.0000000,7914.0000000,1901
GMKN,10,20170607,170000,7911.0000000,7919.0000000,7908.0000000,7912.0000000,1412
GMKN,10,20170607,171000,7909.0000000,7913.0000000,7897.0000000,7901.0000000,4470
GMKN,10,20170607,172000,7898.0000000,7900.0000000,7887.0000000,7890.0000000,2690
GMKN,10,20170607,173000,7890.0000000,7898.0000000,7881.0000000,7882.0000000,4023
GMKN,10,20170607,174000,7882.0000000,7886.0000000,7855.0000000,7881.0000000,6619
GMKN,10,20170607,175000,7886.0000000,7904.0000000,7864.0000000,7872.0000000,3955
GMKN,10,20170607,180000,7872.0000000,7882.0000000,7870.0000000,7870.0000000,1426
GMKN,10,20170607,181000,7870.0000000,7890.0000000,7870.0000000,7882.0000000,3210
GMKN,10,20170607,182000,7882.0000000,7927.0000000,7882.0000000,7919.0000000,5994
GMKN,10,20170607,183000,7918.0000000,7924.0000000,7890.0000000,7890.0000000,4452
GMKN,10,20170607,184000,7891.0000000,7901.0000000,7870.0000000,7875.0000000,7541
GMKN,10,20170607,185000,7865.0000000,7865.0000000,7865.0000000,7865.0000000,3249
GMKN,10,20170608,101000,7874.0000000,7918.0000000,7874.0000000,7896.0000000,4262
GMKN,10,20170608,102000,7893.0000000,7901.0000000,7884.0000000,7899.0000000,3411
GMKN,10,20170608,103000,7898.0000000,7902.0000000,7890.0000000,7895.0000000,3822
GMKN,10,20170608,104000,7895.0000000,7901.0000000,7890.0000000,7890.0000000,1958
GMKN,10,20170608,105000,7891.0000000,7908.0000000,7890.0000000,7908.0000000,2283
GMKN,10,20170608,110000,7906.0000000,7910.0000000,7900.0000000,7907.0000000,1255
GMKN,10,20170608,111000,7904.0000000,7906.0000000,7885.0000000,7890.0000000,2560
GMKN,10,20170608,112000,7888.0000000,7914.0000000,7887.0000000,7913.0000000,1898
GMKN,10,20170608,113000,7913.0000000,7938.0000000,7908.0000000,7921.0000000,3105
GMKN,10,20170608,114000,7922.0000000,7934.0000000,7919.0000000,7930.0000000,1558
GMKN,10,20170608,115000,7927.0000000,7934.0000000,7920.0000000,7929.0000000,780
GMKN,10,20170608,120000,7928.0000000,7942.0000000,7923.0000000,7940.0000000,1453
GMKN,10,20170608,121000,7940.0000000,7945.0000000,7933.0000000,7933.0000000,1380
GMKN,10,20170608,122000,7933.0000000,7936.0000000,7923.0000000,7925.0000000,2300
GMKN,10,20170608,123000,7929.0000000,7930.0000000,7924.0000000,7929.0000000,532
GMKN,10,20170608,124000,7926.0000000,7938.0000000,7922.0000000,7927.0000000,754
GMKN,10,20170608,125000,7926.0000000,7935.0000000,7924.0000000,7934.0000000,478
GMKN,10,20170608,130000,7933.0000000,7938.0000000,7926.0000000,7927.0000000,885
GMKN,10,20170608,131000,7926.0000000,7929.0000000,7920.0000000,7920.0000000,766
GMKN,10,20170608,132000,7921.0000000,7925.0000000,7920.0000000,7920.0000000,247
GMKN,10,20170608,133000,7919.0000000,7919.0000000,7906.0000000,7913.0000000,716
GMKN,10,20170608,134000,7910.0000000,7921.0000000,7908.0000000,7921.0000000,449
GMKN,10,20170608,135000,7917.0000000,7932.0000000,7917.0000000,7923.0000000,825
GMKN,10,20170608,140000,7923.0000000,7923.0000000,7910.0000000,7914.0000000,1087
GMKN,10,20170608,141000,7910.0000000,7914.0000000,7907.0000000,7909.0000000,2300
GMKN,10,20170608,142000,7912.0000000,7925.0000000,7904.0000000,7916.0000000,9714
GMKN,10,20170608,143000,7916.0000000,7929.0000000,7912.0000000,7927.0000000,1245
GMKN,10,20170608,144000,7928.0000000,7928.0000000,7920.0000000,7920.0000000,1522
GMKN,10,20170608,145000,7920.0000000,7925.0000000,7916.0000000,7916.0000000,1315
GMKN,10,20170608,150000,7919.0000000,7920.0000000,7915.0000000,7917.0000000,501
GMKN,10,20170608,151000,7920.0000000,7927.0000000,7917.0000000,7926.0000000,2026
GMKN,10,20170608,152000,7926.0000000,7931.0000000,7920.0000000,7922.0000000,1772
GMKN,10,20170608,153000,7927.0000000,7927.0000000,7914.0000000,7922.0000000,1019
GMKN,10,20170608,154000,7918.0000000,7925.0000000,7914.0000000,7920.0000000,1060
GMKN,10,20170608,155000,7923.0000000,7923.0000000,7910.0000000,7910.0000000,2785
GMKN,10,20170608,160000,7910.0000000,7924.0000000,7910.0000000,7922.0000000,1049
GMKN,10,20170608,161000,7922.0000000,7930.0000000,7917.0000000,7924.0000000,1705
GMKN,10,20170608,162000,7924.0000000,7925.0000000,7908.0000000,7918.0000000,2718
GMKN,10,20170608,163000,7919.0000000,7919.0000000,7913.0000000,7918.0000000,218
GMKN,10,20170608,164000,7922.0000000,7922.0000000,7912.0000000,7913.0000000,521
GMKN,10,20170608,165000,7917.0000000,7921.0000000,7908.0000000,7914.0000000,2175
GMKN,10,20170608,170000,7918.0000000,7918.0000000,7902.0000000,7909.0000000,2680
GMKN,10,20170608,171000,7915.0000000,7925.0000000,7910.0000000,7915.0000000,3095
GMKN,10,20170608,172000,7915.0000000,7947.0000000,7913.0000000,7935.0000000,9048
GMKN,10,20170608,173000,7931.0000000,7939.0000000,7921.0000000,7939.0000000,9151
GMKN,10,20170608,174000,7939.0000000,7979.0000000,7937.0000000,7964.0000000,9772
GMKN,10,20170608,175000,7960.0000000,7962.0000000,7954.0000000,7957.0000000,2853
GMKN,10,20170608,180000,7958.0000000,7965.0000000,7954.0000000,7954.0000000,1492
GMKN,10,20170608,181000,7957.0000000,7990.0000000,7957.0000000,7990.0000000,9072
GMKN,10,20170608,182000,7990.0000000,7996.0000000,7984.0000000,7994.0000000,5856
GMKN,10,20170608,183000,7995.0000000,8011.0000000,7993.0000000,8005.0000000,9969
GMKN,10,20170608,184000,8005.0000000,8020.0000000,8002.0000000,8015.0000000,9055
GMKN,10,20170608,185000,8013.0000000,8013.0000000,8013.0000000,8013.0000000,5113
GMKN,10,20170609,101000,7991.0000000,8038.0000000,7989.0000000,8000.0000000,7021
GMKN,10,20170609,102000,7997.0000000,8028.0000000,7996.0000000,8003.0000000,4402
GMKN,10,20170609,103000,8002.0000000,8019.0000000,7990.0000000,8019.0000000,4160
GMKN,10,20170609,104000,8017.0000000,8024.0000000,8008.0000000,8013.0000000,2581
GMKN,10,20170609,105000,8013.0000000,8022.0000000,8009.0000000,8018.0000000,1425
GMKN,10,20170609,110000,8018.0000000,8024.0000000,8012.0000000,8016.0000000,1542
GMKN,10,20170609,111000,8012.0000000,8016.0000000,8003.0000000,8006.0000000,1731
GMKN,10,20170609,112000,8008.0000000,8030.0000000,8003.0000000,8022.0000000,1332
GMKN,10,20170609,113000,8025.0000000,8078.0000000,8025.0000000,8069.0000000,7396
GMKN,10,20170609,114000,8067.0000000,8090.0000000,8067.0000000,8075.0000000,8504
GMKN,10,20170609,115000,8077.0000000,8090.0000000,8068.0000000,8075.0000000,3059
GMKN,10,20170609,120000,8071.0000000,8086.0000000,8070.0000000,8080.0000000,2514
GMKN,10,20170609,121000,8073.0000000,8086.0000000,8066.0000000,8075.0000000,1868
GMKN,10,20170609,122000,8078.0000000,8078.0000000,8063.0000000,8073.0000000,3366
GMKN,10,20170609,123000,8071.0000000,8119.0000000,8070.0000000,8102.0000000,11663
GMKN,10,20170609,124000,8104.0000000,8130.0000000,8102.0000000,8123.0000000,7465
GMKN,10,20170609,125000,8128.0000000,8141.0000000,8110.0000000,8125.0000000,7884
GMKN,10,20170609,130000,8125.0000000,8129.0000000,8098.0000000,8104.0000000,6355
GMKN,10,20170609,131000,8102.0000000,8109.0000000,8100.0000000,8103.0000000,2494
GMKN,10,20170609,132000,8103.0000000,8107.0000000,8095.0000000,8097.0000000,2350
GMKN,10,20170609,133000,8096.0000000,8114.0000000,8092.0000000,8095.0000000,5508
GMKN,10,20170609,134000,8096.0000000,8109.0000000,8079.0000000,8080.0000000,2932
GMKN,10,20170609,135000,8078.0000000,8080.0000000,8039.0000000,8048.0000000,11787
GMKN,10,20170609,140000,8047.0000000,8049.0000000,8040.0000000,8042.0000000,1480
GMKN,10,20170609,141000,8040.0000000,8050.0000000,8040.0000000,8045.0000000,1867
GMKN,10,20170609,142000,8042.0000000,8093.0000000,8040.0000000,8082.0000000,8269
GMKN,10,20170609,143000,8083.0000000,8097.0000000,8065.0000000,8070.0000000,3699
GMKN,10,20170609,144000,8070.0000000,8090.0000000,8067.0000000,8088.0000000,2333
GMKN,10,20170609,145000,8082.0000000,8100.0000000,8082.0000000,8100.0000000,1017
GMKN,10,20170609,150000,8095.0000000,8114.0000000,8088.0000000,8104.0000000,3933
GMKN,10,20170609,151000,8104.0000000,8118.0000000,8096.0000000,8102.0000000,2209
GMKN,10,20170609,152000,8107.0000000,8109.0000000,8080.0000000,8081.0000000,1382
GMKN,10,20170609,153000,8085.0000000,8085.0000000,8062.0000000,8083.0000000,1901
GMKN,10,20170609,154000,8082.0000000,8082.0000000,8060.0000000,8070.0000000,3719
GMKN,10,20170609,155000,8070.0000000,8074.0000000,8060.0000000,8063.0000000,1928
GMKN,10,20170609,160000,8063.0000000,8076.0000000,8053.0000000,8062.0000000,2510
GMKN,10,20170609,161000,8062.0000000,8069.0000000,8052.0000000,8061.0000000,1251
GMKN,10,20170609,162000,8061.0000000,8078.0000000,8054.0000000,8075.0000000,930
GMKN,10,20170609,163000,8075.0000000,8089.0000000,8073.0000000,8083.0000000,3041
GMKN,10,20170609,164000,8083.0000000,8108.0000000,8071.0000000,8100.0000000,3089
GMKN,10,20170609,165000,8102.0000000,8120.0000000,8100.0000000,8105.0000000,5189
GMKN,10,20170609,170000,8108.0000000,8112.0000000,8101.0000000,8103.0000000,661
GMKN,10,20170609,171000,8106.0000000,8107.0000000,8080.0000000,8080.0000000,1688
GMKN,10,20170609,172000,8080.0000000,8096.0000000,8071.0000000,8071.0000000,3339
GMKN,10,20170609,173000,8071.0000000,8080.0000000,8058.0000000,8060.0000000,2232
GMKN,10,20170609,174000,8060.0000000,8079.0000000,8056.0000000,8062.0000000,2249
GMKN,10,20170609,175000,8062.0000000,8062.0000000,8040.0000000,8062.0000000,7114
GMKN,10,20170609,180000,8064.0000000,8071.0000000,8050.0000000,8053.0000000,1816
GMKN,10,20170609,181000,8054.0000000,8069.0000000,8052.0000000,8067.0000000,915
GMKN,10,20170609,182000,8067.0000000,8081.0000000,8066.0000000,8079.0000000,1752
GMKN,10,20170609,183000,8080.0000000,8082.0000000,8057.0000000,8075.0000000,2256
GMKN,10,20170609,184000,8075.0000000,8100.0000000,8071.0000000,8100.0000000,6940
GMKN,10,20170609,185000,8100.0000000,8100.0000000,8100.0000000,8100.0000000,3486
GMKN,10,20170613,101000,8060.0000000,8093.0000000,8042.0000000,8060.0000000,5495
GMKN,10,20170613,102000,8060.0000000,8070.0000000,8050.0000000,8058.0000000,4519
GMKN,10,20170613,103000,8058.0000000,8093.0000000,8058.0000000,8091.0000000,3925
GMKN,10,20170613,104000,8088.0000000,8121.0000000,8075.0000000,8116.0000000,5332
GMKN,10,20170613,105000,8120.0000000,8127.0000000,8088.0000000,8098.0000000,3419
GMKN,10,20170613,110000,8098.0000000,8108.0000000,8083.0000000,8100.0000000,4038
GMKN,10,20170613,111000,8104.0000000,8109.0000000,8071.0000000,8092.0000000,3956
GMKN,10,20170613,112000,8092.0000000,8111.0000000,8073.0000000,8108.0000000,2913
GMKN,10,20170613,113000,8109.0000000,8140.0000000,8105.0000000,8131.0000000,4761
GMKN,10,20170613,114000,8131.0000000,8145.0000000,8109.0000000,8130.0000000,4316
GMKN,10,20170613,115000,8130.0000000,8144.0000000,8119.0000000,8130.0000000,3578
GMKN,10,20170613,120000,8131.0000000,8137.0000000,8115.0000000,8123.0000000,2765
GMKN,10,20170613,121000,8123.0000000,8137.0000000,8120.0000000,8126.0000000,4315
GMKN,10,20170613,122000,8131.0000000,8144.0000000,8113.0000000,8132.0000000,2988
GMKN,10,20170613,123000,8134.0000000,8144.0000000,8107.0000000,8113.0000000,4423
GMKN,10,20170613,124000,8110.0000000,8129.0000000,8100.0000000,8118.0000000,3221
GMKN,10,20170613,125000,8119.0000000,8135.0000000,8106.0000000,8114.0000000,1512
GMKN,10,20170613,130000,8116.0000000,8133.0000000,8110.0000000,8123.0000000,2103
GMKN,10,20170613,131000,8125.0000000,8140.0000000,8125.0000000,8128.0000000,1809
GMKN,10,20170613,132000,8129.0000000,8133.0000000,8117.0000000,8121.0000000,2315
GMKN,10,20170613,133000,8121.0000000,8129.0000000,8120.0000000,8125.0000000,784
GMKN,10,20170613,134000,8125.0000000,8125.0000000,8111.0000000,8114.0000000,631
GMKN,10,20170613,135000,8112.0000000,8120.0000000,8110.0000000,8112.0000000,1712
GMKN,10,20170613,140000,8113.0000000,8117.0000000,8100.0000000,8100.0000000,983
GMKN,10,20170613,141000,8100.0000000,8108.0000000,8100.0000000,8101.0000000,2280
GMKN,10,20170613,142000,8106.0000000,8108.0000000,8100.0000000,8100.0000000,3025
GMKN,10,20170613,143000,8100.0000000,8105.0000000,8078.0000000,8084.0000000,2730
GMKN,10,20170613,144000,8083.0000000,8085.0000000,8067.0000000,8075.0000000,3338
GMKN,10,20170613,145000,8074.0000000,8080.0000000,8054.0000000,8066.0000000,2245
GMKN,10,20170613,150000,8065.0000000,8073.0000000,8060.0000000,8064.0000000,827
GMKN,10,20170613,151000,8063.0000000,8063.0000000,8052.0000000,8058.0000000,945
GMKN,10,20170613,152000,8058.0000000,8058.0000000,8040.0000000,8048.0000000,5091
GMKN,10,20170613,153000,8046.0000000,8047.0000000,8022.0000000,8045.0000000,4719
GMKN,10,20170613,154000,8044.0000000,8075.0000000,8041.0000000,8053.0000000,3310
GMKN,10,20170613,155000,8054.0000000,8074.0000000,8054.0000000,8070.0000000,1101
GMKN,10,20170613,160000,8071.0000000,8099.0000000,8071.0000000,8081.0000000,1879
GMKN,10,20170613,161000,8080.0000000,8112.0000000,8080.0000000,8102.0000000,1898
GMKN,10,20170613,162000,8102.0000000,8102.0000000,8050.0000000,8067.0000000,9453
GMKN,10,20170613,163000,8067.0000000,8078.0000000,8066.0000000,8066.0000000,553
GMKN,10,20170613,164000,8067.0000000,8081.0000000,8052.0000000,8052.0000000,2857
GMKN,10,20170613,165000,8054.0000000,8074.0000000,8051.0000000,8051.0000000,2862
GMKN,10,20170613,170000,8054.0000000,8069.0000000,8050.0000000,8050.0000000,2020
GMKN,10,20170613,171000,8053.0000000,8088.0000000,8050.0000000,8083.0000000,2789
GMKN,10,20170613,172000,8077.0000000,8097.0000000,8070.0000000,8090.0000000,1477
GMKN,10,20170613,173000,8088.0000000,8090.0000000,8069.0000000,8080.0000000,2750
GMKN,10,20170613,174000,8080.0000000,8095.0000000,8080.0000000,8093.0000000,1465
GMKN,10,20170613,175000,8089.0000000,8089.0000000,8050.0000000,8070.0000000,4873
GMKN,10,20170613,180000,8066.0000000,8066.0000000,8051.0000000,8062.0000000,1273
GMKN,10,20170613,181000,8060.0000000,8060.0000000,8050.0000000,8054.0000000,3051
GMKN,10,20170613,182000,8056.0000000,8060.0000000,8051.0000000,8060.0000000,2372
GMKN,10,20170613,183000,8061.0000000,8070.0000000,8059.0000000,8066.0000000,2174
GMKN,10,20170613,184000,8067.0000000,8098.0000000,8067.0000000,8093.0000000,7690
GMKN,10,20170613,185000,8058.0000000,8058.0000000,8058.0000000,8058.0000000,1642
GMKN,10,20170614,101000,8060.0000000,8106.0000000,8059.0000000,8095.0000000,4600
GMKN,10,20170614,102000,8095.0000000,8104.0000000,8072.0000000,8097.0000000,3988
GMKN,10,20170614,103000,8091.0000000,8097.0000000,8062.0000000,8074.0000000,7495
GMKN,10,20170614,104000,8079.0000000,8098.0000000,8072.0000000,8095.0000000,4370
GMKN,10,20170614,105000,8095.0000000,8121.0000000,8092.0000000,8112.0000000,4862
GMKN,10,20170614,110000,8112.0000000,8115.0000000,8100.0000000,8105.0000000,3005
GMKN,10,20170614,111000,8105.0000000,8118.0000000,8100.0000000,8102.0000000,2903
GMKN,10,20170614,112000,8103.0000000,8107.0000000,8100.0000000,8101.0000000,1283
GMKN,10,20170614,113000,8101.0000000,8108.0000000,8100.0000000,8105.0000000,2620
GMKN,10,20170614,114000,8107.0000000,8112.0000000,8103.0000000,8109.0000000,1464
GMKN,10,20170614,115000,8110.0000000,8116.0000000,8105.0000000,8115.0000000,1795
GMKN,10,20170614,120000,8116.0000000,8146.0000000,8111.0000000,8142.0000000,5113
GMKN,10,20170614,121000,8136.0000000,8143.0000000,8120.0000000,8125.0000000,3718
GMKN,10,20170614,122000,8125.0000000,8133.0000000,8113.0000000,8118.0000000,1272
GMKN,10,20170614,123000,8118.0000000,8119.0000000,8103.0000000,8114.0000000,1450
GMKN,10,20170614,124000,8110.0000000,8121.0000000,8102.0000000,8106.0000000,1799
GMKN,10,20170614,125000,8110.0000000,8117.0000000,8100.0000000,8117.0000000,3017
GMKN,10,20170614,130000,8113.0000000,8119.0000000,8103.0000000,8107.0000000,694
GMKN,10,20170614,131000,8107.0000000,8116.0000000,8105.0000000,8109.0000000,667
GMKN,10,20170614,132000,8105.0000000,8119.0000000,8100.0000000,8100.0000000,3311
GMKN,10,20170614,133000,8100.0000000,8112.0000000,8092.0000000,8097.0000000,1175
GMKN,10,20170614,134000,8096.0000000,8112.0000000,8075.0000000,8112.0000000,3635
GMKN,10,20170614,135000,8106.0000000,8119.0000000,8103.0000000,8115.0000000,1998
GMKN,10,20170614,140000,8115.0000000,8117.0000000,8111.0000000,8111.0000000,705
GMKN,10,20170614,141000,8111.0000000,8117.0000000,8110.0000000,8111.0000000,386
GMKN,10,20170614,142000,8110.0000000,8114.0000000,8109.0000000,8110.0000000,584
GMKN,10,20170614,143000,8113.0000000,8120.0000000,8112.0000000,8119.0000000,1024
GMKN,10,20170614,144000,8119.0000000,8128.0000000,8116.0000000,8119.0000000,901
GMKN,10,20170614,145000,8122.0000000,8134.0000000,8116.0000000,8127.0000000,2261
GMKN,10,20170614,150000,8132.0000000,8137.0000000,8127.0000000,8129.0000000,1034
GMKN,10,20170614,151000,8133.0000000,8133.0000000,8115.0000000,8120.0000000,2077
GMKN,10,20170614,152000,8120.0000000,8126.0000000,8114.0000000,8119.0000000,888
GMKN,10,20170614,153000,8119.0000000,8129.0000000,8118.0000000,8124.0000000,644
GMKN,10,20170614,154000,8124.0000000,8126.0000000,8100.0000000,8104.0000000,2655
GMKN,10,20170614,155000,8107.0000000,8125.0000000,8107.0000000,8112.0000000,2148
GMKN,10,20170614,160000,8115.0000000,8118.0000000,8096.0000000,8105.0000000,2284
GMKN,10,20170614,161000,8106.0000000,8108.0000000,8085.0000000,8099.0000000,4324
GMKN,10,20170614,162000,8099.0000000,8101.0000000,8096.0000000,8098.0000000,907
GMKN,10,20170614,163000,8098.0000000,8109.0000000,8098.0000000,8100.0000000,1281
GMKN,10,20170614,164000,8100.0000000,8111.0000000,8093.0000000,8106.0000000,2055
GMKN,10,20170614,165000,8104.0000000,8123.0000000,8101.0000000,8118.0000000,3124
GMKN,10,20170614,170000,8120.0000000,8122.0000000,8112.0000000,8116.0000000,2204
GMKN,10,20170614,171000,8121.0000000,8126.0000000,8093.0000000,8102.0000000,2385
GMKN,10,20170614,172000,8106.0000000,8125.0000000,8098.0000000,8114.0000000,2070
GMKN,10,20170614,173000,8113.0000000,8130.0000000,8112.0000000,8124.0000000,2404
GMKN,10,20170614,174000,8127.0000000,8127.0000000,8100.0000000,8121.0000000,3608
GMKN,10,20170614,175000,8121.0000000,8129.0000000,8108.0000000,8115.0000000,4651
GMKN,10,20170614,180000,8115.0000000,8122.0000000,8080.0000000,8080.0000000,6904
GMKN,10,20170614,181000,8081.0000000,8098.0000000,8070.0000000,8086.0000000,7329
GMKN,10,20170614,182000,8085.0000000,8100.0000000,8079.0000000,8095.0000000,5697
GMKN,10,20170614,183000,8093.0000000,8095.0000000,8085.0000000,8094.0000000,3228
GMKN,10,20170614,184000,8092.0000000,8103.0000000,8066.0000000,8066.0000000,14739
GMKN,10,20170614,185000,8113.0000000,8113.0000000,8113.0000000,8113.0000000,1961
GMKN,10,20170615,101000,8079.0000000,8109.0000000,8053.0000000,8064.0000000,12868
GMKN,10,20170615,102000,8063.0000000,8067.0000000,7962.0000000,7988.0000000,19354
GMKN,10,20170615,103000,7988.0000000,8012.0000000,7981.0000000,7996.0000000,5571
GMKN,10,20170615,104000,7990.0000000,7997.0000000,7950.0000000,7950.0000000,15659
GMKN,10,20170615,105000,7950.0000000,7967.0000000,7933.0000000,7955.0000000,14806
GMKN,10,20170615,110000,7959.0000000,7990.0000000,7952.0000000,7978.0000000,8433
GMKN,10,20170615,111000,7976.0000000,7997.0000000,7975.0000000,7988.0000000,4289
GMKN,10,20170615,112000,7988.0000000,7992.0000000,7970.0000000,7983.0000000,2498
GMKN,10,20170615,113000,7983.0000000,8008.0000000,7972.0000000,8004.0000000,3660
GMKN,10,20170615,114000,8004.0000000,8008.0000000,7967.0000000,7989.0000000,6473
GMKN,10,20170615,115000,7985.0000000,8008.0000000,7984.0000000,8000.0000000,9280
GMKN,10,20170615,120000,8000.0000000,8006.0000000,7991.0000000,7993.0000000,10375
GMKN,10,20170615,121000,7993.0000000,8017.0000000,7990.0000000,8004.0000000,2962
GMKN,10,20170615,122000,8008.0000000,8015.0000000,8000.0000000,8000.0000000,7004
GMKN,10,20170615,123000,8000.0000000,8006.0000000,7990.0000000,7995.0000000,5727
GMKN,10,20170615,124000,7998.0000000,7999.0000000,7980.0000000,7980.0000000,10292
GMKN,10,20170615,125000,7980.0000000,7997.0000000,7980.0000000,7983.0000000,4683
GMKN,10,20170615,130000,7981.0000000,7997.0000000,7980.0000000,7987.0000000,6108
GMKN,10,20170615,131000,7988.0000000,7992.0000000,7980.0000000,7985.0000000,4227
GMKN,10,20170615,132000,7987.0000000,8005.0000000,7986.0000000,8005.0000000,8264
GMKN,10,20170615,133000,8000.0000000,8001.0000000,7993.0000000,7993.0000000,1542
GMKN,10,20170615,134000,7992.0000000,7999.0000000,7980.0000000,7991.0000000,5719
GMKN,10,20170615,135000,7992.0000000,8004.0000000,7981.0000000,7989.0000000,3190
GMKN,10,20170615,140000,7989.0000000,7991.0000000,7971.0000000,7976.0000000,4019
GMKN,10,20170615,141000,7977.0000000,7993.0000000,7967.0000000,7967.0000000,4091
GMKN,10,20170615,142000,7969.0000000,7986.0000000,7967.0000000,7984.0000000,3943
GMKN,10,20170615,143000,7983.0000000,7985.0000000,7969.0000000,7970.0000000,1460
GMKN,10,20170615,144000,7970.0000000,7983.0000000,7964.0000000,7967.0000000,1081
GMKN,10,20170615,145000,7966.0000000,7966.0000000,7942.0000000,7945.0000000,4388
GMKN,10,20170615,150000,7946.0000000,7950.0000000,7918.0000000,7934.0000000,9733
GMKN,10,20170615,151000,7934.0000000,7938.0000000,7862.0000000,7890.0000000,39946
GMKN,10,20170615,152000,7891.0000000,7891.0000000,7881.0000000,7888.0000000,23422
GMKN,10,20170615,153000,7886.0000000,7955.0000000,7870.0000000,7937.0000000,38027
GMKN,10,20170615,154000,7937.0000000,7965.0000000,7926.0000000,7962.0000000,26509
GMKN,10,20170615,155000,7962.0000000,7985.0000000,7932.0000000,7938.0000000,26944
GMKN,10,20170615,160000,7938.0000000,8005.0000000,7924.0000000,7991.0000000,23677
GMKN,10,20170615,161000,7990.0000000,7992.0000000,7919.0000000,7923.0000000,3919
GMKN,10,20170615,162000,7925.0000000,7936.0000000,7885.0000000,7924.0000000,6993
GMKN,10,20170615,163000,7918.0000000,7934.0000000,7910.0000000,7915.0000000,2356
GMKN,10,20170615,164000,7912.0000000,7912.0000000,7885.0000000,7895.0000000,6314
GMKN,10,20170615,165000,7895.0000000,7909.0000000,7875.0000000,7887.0000000,10741
GMKN,10,20170615,170000,7888.0000000,7929.0000000,7884.0000000,7913.0000000,4578
GMKN,10,20170615,171000,7911.0000000,7949.0000000,7906.0000000,7926.0000000,3254
GMKN,10,20170615,172000,7932.0000000,7949.0000000,7903.0000000,7908.0000000,4629
GMKN,10,20170615,173000,7905.0000000,7948.0000000,7894.0000000,7944.0000000,6479
GMKN,10,20170615,174000,7945.0000000,7988.0000000,7933.0000000,7987.0000000,3738
GMKN,10,20170615,175000,7989.0000000,7997.0000000,7968.0000000,7968.0000000,6308
GMKN,10,20170615,180000,7966.0000000,7988.0000000,7945.0000000,7988.0000000,5295
GMKN,10,20170615,181000,7988.0000000,8000.0000000,7982.0000000,7986.0000000,3061
GMKN,10,20170615,182000,7984.0000000,8044.0000000,7968.0000000,8038.0000000,9685
GMKN,10,20170615,183000,8035.0000000,8050.0000000,8022.0000000,8047.0000000,3621
GMKN,10,20170615,184000,8047.0000000,8060.0000000,8026.0000000,8060.0000000,6278
GMKN,10,20170615,185000,8011.0000000,8011.0000000,8011.0000000,8011.0000000,5206
GMKN,10,20170616,101000,8036.0000000,8086.0000000,8032.0000000,8084.0000000,6549
GMKN,10,20170616,102000,8082.0000000,8108.0000000,8060.0000000,8107.0000000,6952
GMKN,10,20170616,103000,8106.0000000,8111.0000000,8077.0000000,8106.0000000,6733
GMKN,10,20170616,104000,8106.0000000,8116.0000000,8090.0000000,8097.0000000,4962
GMKN,10,20170616,105000,8099.0000000,8121.0000000,8096.0000000,8116.0000000,7828
GMKN,10,20170616,110000,8118.0000000,8145.0000000,8095.0000000,8130.0000000,11430
GMKN,10,20170616,111000,8128.0000000,8135.0000000,8110.0000000,8125.0000000,4096
GMKN,10,20170616,112000,8125.0000000,8134.0000000,8117.0000000,8125.0000000,3575
GMKN,10,20170616,113000,8125.0000000,8128.0000000,8112.0000000,8115.0000000,4612
GMKN,10,20170616,114000,8119.0000000,8119.0000000,8110.0000000,8114.0000000,3997
GMKN,10,20170616,115000,8113.0000000,8115.0000000,8110.0000000,8112.0000000,3902
GMKN,10,20170616,120000,8111.0000000,8124.0000000,8110.0000000,8115.0000000,1905
GMKN,10,20170616,121000,8115.0000000,8116.0000000,8110.0000000,8114.0000000,3059
GMKN,10,20170616,122000,8113.0000000,8128.0000000,8110.0000000,8124.0000000,4528
GMKN,10,20170616,123000,8128.0000000,8144.0000000,8123.0000000,8139.0000000,3759
GMKN,10,20170616,124000,8135.0000000,8166.0000000,8135.0000000,8160.0000000,6081
GMKN,10,20170616,125000,8161.0000000,8172.0000000,8160.0000000,8169.0000000,2350
GMKN,10,20170616,130000,8172.0000000,8193.0000000,8152.0000000,8158.0000000,5852
GMKN,10,20170616,131000,8159.0000000,8187.0000000,8159.0000000,8185.0000000,2427
GMKN,10,20170616,132000,8185.0000000,8186.0000000,8166.0000000,8171.0000000,1556
GMKN,10,20170616,133000,8177.0000000,8177.0000000,8157.0000000,8161.0000000,1956
GMKN,10,20170616,134000,8158.0000000,8158.0000000,8120.0000000,8138.0000000,4784
GMKN,10,20170616,135000,8143.0000000,8158.0000000,8142.0000000,8153.0000000,426
GMKN,10,20170616,140000,8152.0000000,8152.0000000,8139.0000000,8144.0000000,578
GMKN,10,20170616,141000,8144.0000000,8149.0000000,8140.0000000,8140.0000000,733
GMKN,10,20170616,142000,8140.0000000,8156.0000000,8135.0000000,8156.0000000,1359
GMKN,10,20170616,143000,8151.0000000,8156.0000000,8133.0000000,8135.0000000,2586
GMKN,10,20170616,144000,8139.0000000,8148.0000000,8130.0000000,8131.0000000,1412
GMKN,10,20170616,145000,8132.0000000,8144.0000000,8132.0000000,8139.0000000,966
GMKN,10,20170616,150000,8139.0000000,8143.0000000,8128.0000000,8128.0000000,1996
GMKN,10,20170616,151000,8130.0000000,8143.0000000,8129.0000000,8136.0000000,1189
GMKN,10,20170616,152000,8141.0000000,8142.0000000,8135.0000000,8138.0000000,539
GMKN,10,20170616,153000,8141.0000000,8160.0000000,8138.0000000,8156.0000000,1887
GMKN,10,20170616,154000,8153.0000000,8170.0000000,8140.0000000,8166.0000000,4755
GMKN,10,20170616,155000,8168.0000000,8194.0000000,8162.0000000,8191.0000000,9094
GMKN,10,20170616,160000,8190.0000000,8191.0000000,8161.0000000,8169.0000000,6103
GMKN,10,20170616,161000,8169.0000000,8182.0000000,8163.0000000,8175.0000000,2109
GMKN,10,20170616,162000,8175.0000000,8175.0000000,8140.0000000,8146.0000000,1879
GMKN,10,20170616,163000,8145.0000000,8161.0000000,8141.0000000,8157.0000000,1662
GMKN,10,20170616,164000,8158.0000000,8169.0000000,8135.0000000,8135.0000000,2625
GMKN,10,20170616,165000,8137.0000000,8145.0000000,8124.0000000,8124.0000000,2880
GMKN,10,20170616,170000,8125.0000000,8126.0000000,8100.0000000,8108.0000000,6569
GMKN,10,20170616,171000,8109.0000000,8130.0000000,8093.0000000,8123.0000000,4193
GMKN,10,20170616,172000,8126.0000000,8153.0000000,8122.0000000,8135.0000000,2563
GMKN,10,20170616,173000,8134.0000000,8142.0000000,8094.0000000,8095.0000000,5917
GMKN,10,20170616,174000,8095.0000000,8120.0000000,8080.0000000,8088.0000000,6550
GMKN,10,20170616,175000,8097.0000000,8137.0000000,8097.0000000,8101.0000000,5949
GMKN,10,20170616,180000,8103.0000000,8103.0000000,8080.0000000,8098.0000000,3956
GMKN,10,20170616,181000,8098.0000000,8104.0000000,8080.0000000,8080.0000000,3529
GMKN,10,20170616,182000,8080.0000000,8096.0000000,8070.0000000,8084.0000000,4632
GMKN,10,20170616,183000,8083.0000000,8098.0000000,8050.0000000,8087.0000000,8030
GMKN,10,20170616,184000,8082.0000000,8175.0000000,8082.0000000,8150.0000000,33266
GMKN,10,20170616,185000,8154.0000000,8154.0000000,8154.0000000,8154.0000000,15595
