[228904.76216297853, 8392.804873145344, 0, 100000, 102000, 103000, 180000, -1, 0, 0.04, 3, 'take_innsta_0.01', 20, 0, 52, 11.875150702015851, 8392.804873145344, 27.273928754785008, 0, 100000, 102000, 110000, 151000, 1, 0, 0.03, 3, 'take_innsta_0.0075', 20, 0, 34, 5.32911121253256, 27.273928754785008]

[88830.48951340528, 929.681785593429, 1, 100000, 103000, 112000, 173000, -1, 0, 0.03, 2, 'take_innsta_0.01', 9, 0, 32, 9.29190576980779, 929.681785593429, 95.54934913208342, 1, 100000, 103000, 105000, 154000, 1, 0, 0.04, 2, 'take_innsta_0.003', 9, 0, 80, 6.119627158309766, 95.54934913208342]

[13065.048176298442, 127.72120143170105, 2, 100000, 102000, 103000, 175000, -1, 0, 0.01, 3, 'take_innsta_0.003', 20, 0, 79, 6.267929012805369, 127.72120143170105, 102.29349575360031, 2, 100000, 102000, 113000, 175000, 1, 0, 0.01, 3, 'take_innsta_0.04', 20, 0, 13, 8.605965008977236, 102.29349575360031]

[401146.4079847372, 1980.3845990920759, 3, 100000, 113000, 114000, 160000, -1, 0, 0.01, 3, 'take_innsta_0.03', 14, 0, 27, 10.916994007607494, 1980.3845990920759, 202.55985032838882, 3, 100000, 113000, 155000, 180000, 1, 0, 0.02, 3, 'take_innsta_0.015', 14, 0, 30, 7.686941108644835, 202.55985032838882]

[64058.104934309595, 530.8096946202979, 4, 100000, 102000, 111000, 180000, -1, 0, 0.04, 5, 'take_innsta_0.01', 9, 14, 37, 8.671447245889118, 530.8096946202979, 120.6799830212823, 4, 100000, 102000, 132000, 165000, 1, 0, 0.02, 5, 'take_innsta_0.015', 9, 14, 32, 7.297020659719261, 120.6799830212823]

82