[5032.598964432111, 1115.4084752983404, 0, 100000, 102000, 105000, 180000, -1, 0, 0.04, 4, 'take_innsta_0.01', 9, 0, 49, 9.615216690802196, 1115.4084752983404]

[5950.575155775225, 59.36980029642592, 1, 100000, 104000, 105000, 180000, -1, 0, 0.01, 3, 'take_innsta_0.01', 9, 27, 34, 6.550299582101276, 59.36980029642592, 100.2289905990041, 1, 100000, 104000, 123000, 175000, 1, 0, 0.03, 3, 'take_innsta_0.02', 9, 27, 17, 7.535915190243425, 100.2289905990041]

[591140.698631399, 1334.96296490732, 2, 100000, 101000, 102000, 175000, -1, 0, 0.01, 3, 'take_innsta_0.04', 20, 0, 26, 11.886230294260614, 1334.96296490732, 442.81430584288836, 2, 100000, 101000, 115000, 180000, 1, 0, 0.04, 3, 'take_innsta_0.03', 20, 0, 24, 9.337551184571513, 442.81430584288836]

[17248.931272272104, 66.71803717057567, 3, 100000, 101000, 104000, 180000, -1, 0, 0.01, 3, 'take_innsta_0.003', 14, 0, 75, 5.757204411724216, 66.71803717057567, 258.5347531758521, 3, 100000, 101000, 112000, 161000, 1, 0, 0.03, 3, 'take_innsta_0.03', 14, 0, 17, 9.400289332355168, 258.5347531758521]

[25522.124439269755, 5696.356922839227, 4, 100000, 103000, 104000, 173000, -1, 0, 0.03, 3, 'take_innsta_0.015', 9, 0, 40, 11.713763070894668, 5696.356922839227]

71,76


