[39388.44370914208, 952.7882579039846, 0, 100000, 103000, 104000, 175000, -1, 0, 0.03, 3, 'take_innsta_0.003', 27, 0, 89, 8.571257578738296, 952.7882579039846, 41.3401859042551, 0, 100000, 103000, 152000, 175000, 1, 0, 0.04, 3, 'take_innsta_0.005', 27, 0, 46, 5.3929875567849725, 41.3401859042551]

[72027.98485142451, 563.793860782241, 1, 100000, 101000, 104000, 162000, -1, 0, 0.03, 3, 'take_innsta_0.01', 9, 27, 35, 9.186538130764356, 563.793860782241, 127.75588714550493, 1, 100000, 101000, 122000, 180000, 1, 0, 0.02, 3, 'take_innsta_0.003', 9, 27, 90, 6.535684401319568, 127.75588714550493]

[39418.76116128746, 1141.5642475315262, 2, 100000, 102000, 103000, 175000, -1, 0, 0.04, 4, 'take_innsta_0.005', 20, 0, 77, 9.193173624898721, 1141.5642475315262, 34.53047977503241, 2, 100000, 102000, 163000, 180000, 1, 0, 0.03, 4, 'take_innsta_0.0075', 20, 0, 40, 5.550689015634253, 34.53047977503241]

[1542188.1445661844, 14016.046560750556, 3, 100000, 103000, 104000, 173000, -1, 0, 0.01, 3, 'take_innsta_0.02', 9, 0, 54, 12.978157501029425, 14016.046560750556, 110.03018132693764, 3, 100000, 103000, 135000, 171000, 1, 0, 0.03, 3, 'take_innsta_0.005', 9, 0, 56, 6.506342388433902, 110.03018132693764]

[20846.59731735199, 217.12208743679636, 4, 100000, 104000, 110000, 180000, -1, 0, 0.04, 3, 'take_innsta_0.005', 9, 0, 60, 7.196810852694908, 217.12208743679636, 96.01325025681865, 4, 100000, 104000, 154000, 180000, 1, 0, 0.02, 3, 'take_innsta_0.03', 9, 0, 23, 7.505551001001044, 96.01325025681865]

78,57