[13112.73953877163, 321.6535227876577, 0, 100000, 102000, 103000, 175000, -1, 0, 0.03, 4, 'take_innsta_0.003', 14, 0, 52, 7.884928808351068, 321.6535227876577, 40.76665918385764, 0, 100000, 102000, 141000, 170000, 1, 0, 0.01, 4, 'take_innsta_0.03', 14, 0, 24, 6.427767564375211, 40.76665918385764]

[33326.57104590614, 5546.408647394915, 1, 100000, 104000, 110000, 180000, -1, 0, 0.04, 5, 'take_innsta_0.0075', 20, 0, 58, 11.173889914732463, 5546.408647394915]

[579877.0051842259, 1455.2251039943685, 2, 100000, 110000, 114000, 180000, -1, 0, 0.03, 5, 'take_innsta_0.01', 9, 0, 48, 10.16790190576871, 1455.2251039943685, 398.47924805073313, 2, 100000, 110000, 144000, 173000, 1, 0, 0.03, 5, 'take_innsta_0.0075', 9, 0, 37, 8.35964023555306, 398.47924805073313]

[27265.935750000946, 561.0117410692441, 3, 100000, 102000, 113000, 180000, -1, 0, 0.04, 5, 'take_innsta_0.03', 20, 0, 20, 10.582150304208282, 561.0117410692441, 48.60136384674272, 3, 100000, 102000, 140000, 180000, 1, 0, 0.01, 5, 'take_innsta_0.015', 20, 0, 35, 6.314244820435072, 48.60136384674272]

[8338.69265851051, 635.5551531141846, 4, 100000, 101000, 102000, 145000, 1, 0, 0.04, 2, 'take_innsta_0.015', 14, 27, 29, 9.450737416274677, 635.5551531141846, 13.120328924486545, 4, 100000, 101000, 110000, 172000, -1, 0, 0.02, 2, 'take_innsta_0.003', 14, 27, 67, 4.511734709378301, 13.120328924486545]

74,83

