[49394.45697711136, 3141.7774530819725, 0, 100000, 102000, 103000, 134000, -1, 0, 0.04, 3, 'take_innsta_0.03', 9, 0, 34, 11.035821180427591, 3141.7774530819725, 15.721819165981074, 0, 100000, 102000, 131000, 163000, 1, 0, 0.01, 3, 'take_innsta_0.0075', 9, 0, 43, 4.66788106823365, 15.721819165981074]

[5562495.201242657, 12987.050300848465, 1, 100000, 103000, 115000, 180000, 1, 0, 0.03, 5, 'take_innsta_0.03', 9, 27, 42, 14.270125889206971, 12987.050300848465, 428.31089988765586, 1, 100000, 103000, 104000, 180000, -1, 0, 0.01, 5, 'take_innsta_0.01', 9, 27, 48, 8.363713301556281, 428.31089988765586]

[10732.723682143016, 223.0258678942014, 2, 100000, 101000, 102000, 150000, -1, 0, 0.03, 2, 'take_innsta_0.02', 9, 0, 24, 8.4899653642103, 223.0258678942014, 48.123223478428, 2, 100000, 101000, 105000, 145000, 1, 0, 0.03, 2, 'take_innsta_0.0075', 9, 0, 30, 5.967606545992075, 48.123223478428]

[28135.40438493779, 481.92804119943133, 3, 100000, 103000, 113000, 172000, -1, 0, 0.02, 3, 'take_innsta_0.01', 9, 14, 38, 8.735922443424695, 481.92804119943133, 58.380924079275154, 3, 100000, 103000, 133000, 165000, 1, 0, 0.02, 3, 'take_innsta_0.04', 9, 14, 15, 7.001609572842562, 58.380924079275154]

[19688.180892988512, 2763.911872004621, 4, 100000, 103000, 104000, 173000, -1, 0, 0.03, 5, 'take_innsta_0.015', 9, 20, 40, 10.948500411247402, 2763.911872004621]

79,43
