[122101.57713757624, 3584.324804839267, 0, 100000, 101000, 102000, 171000, -1, 0, 0.01, 3, 'take_innsta_0.0075', 20, 0, 66, 10.368303536878031, 3584.324804839267, 34.06543318081121, 0, 100000, 101000, 140000, 180000, 1, 0, 0.03, 3, 'take_innsta_0.003', 20, 0, 68, 4.970078332974632, 34.06543318081121]

[5802.35466042536, 343.37782006779, 1, 100000, 101000, 102000, 180000, -1, 0, 0.04, 4, 'take_innsta_0.003', 14, 27, 84, 7.6293821225819904, 343.37782006779, 16.897872609476792, 1, 100000, 101000, 163000, 180000, 1, 0, 0.02, 4, 'take_innsta_0.003', 14, 27, 53, 4.181601201428837, 16.897872609476792]

[24869.763841793992, 237.18792261894592, 2, 100000, 102000, 103000, 180000, -1, 0, 0.01, 3, 'take_innsta_0.003', 9, 0, 78, 7.1040916663441775, 237.18792261894592, 104.85257245474718, 2, 100000, 102000, 112000, 140000, 1, 0, 0.03, 3, 'take_innsta_0.0075', 9, 0, 33, 6.861252858112166, 104.85257245474718]

[577358.8983374957, 1442.5746638757596, 3, 100000, 103000, 104000, 180000, -1, 0, 0.02, 3, 'take_innsta_0.0075', 9, 0, 59, 9.877169281979004, 1442.5746638757596, 400.2280871801172, 3, 100000, 103000, 121000, 152000, 1, 0, 0.02, 3, 'take_innsta_0.02', 9, 0, 34, 9.312586232025268, 400.2280871801172]

[7705.109650158088, 218.84507372728353, 4, 100000, 105000, 110000, 165000, -1, 0, 0.01, 3, 'take_innsta_0.005', 27, 0, 59, 7.118063790267513, 218.84507372728353, 35.20805617840822, 4, 100000, 105000, 142000, 180000, 1, 0, 0.03, 3, 'take_innsta_0.003', 27, 0, 64, 5.120819373329224, 35.20805617840822]

72,5

