[71384.09293068002, 631.5131872712176, 0, 100000, 101000, 102000, 180000, -1, 0, 0.02, 3, 'take_innsta_0.003', 14, 0, 72, 8.354753151347055, 631.5131872712176, 113.03658319334909, 0, 100000, 101000, 113000, 173000, 1, 0, 0.02, 3, 'take_innsta_0.015', 14, 0, 30, 8.215767794678161, 113.03658319334909]

[3836651.9969165646, 4478.820039785859, 1, 100000, 102000, 103000, 180000, -1, 0, 0.03, 4, 'take_innsta_0.015', 9, 0, 41, 11.99590347351409, 4478.820039785859, 856.6211553121483, 1, 100000, 102000, 122000, 175000, 1, 0, 0.03, 4, 'take_innsta_0.01', 9, 0, 39, 10.446393806995287, 856.6211553121483]

[705137.6725638785, 1615.6265442945935, 2, 100000, 103000, 104000, 150000, -1, 0, 0.04, 3, 'take_innsta_0.0075', 9, 0, 63, 10.134616321678704, 1615.6265442945935, 436.4484323768969, 2, 100000, 103000, 113000, 175000, 1, 0, 0.01, 3, 'take_innsta_0.02', 9, 0, 27, 10.44022930885116, 436.4484323768969]

[3738070.2156220367, 81401.53742875798, 3, 100000, 101000, 102000, 180000, -1, 0, 0.03, 4, 'take_innsta_0.015', 20, 0, 50, 15.73028583893879, 81401.53742875798, 45.9213711890094, 3, 100000, 101000, 150000, 180000, 1, 0, 0.03, 4, 'take_innsta_0.003', 20, 0, 52, 5.4832400094460985, 45.9213711890094]

[38758.40713246608, 1022.2146257980476, 4, 100000, 102000, 103000, 175000, -1, 0, 0.04, 4, 'take_innsta_0.003', 14, 27, 68, 9.297891705245286, 1022.2146257980476, 37.91611482980614, 4, 100000, 102000, 121000, 175000, 1, 0, 0.01, 4, 'take_innsta_0.003', 14, 27, 56, 5.425780005265901, 37.91611482980614]

95,48
