[5950.176441844562, 263.8300086324159, 0, 100000, 101000, 102000, 180000, -1, 0, 0.01, 3, 'take_innsta_0.003', 27, 0, 73, 7.215846664433398, 263.8300086324159, 22.553069200458964, 0, 100000, 101000, 112000, 142000, 1, 0, 0.01, 3, 'take_innsta_0.03', 27, 0, 21, 5.950532511643193, 22.553069200458964]

[135573.34605600953, 2468.6552476564343, 1, 100000, 102000, 103000, 172000, -1, 0, 0.04, 3, 'take_innsta_0.0075', 20, 27, 72, 10.25401011057113, 2468.6552476564343, 54.91789353118999, 1, 100000, 102000, 115000, 180000, 1, 0, 0.04, 3, 'take_innsta_0.015', 20, 27, 7, 7.644589825149183, 54.91789353118999]

[10699.223859043228, 1272.6494765712137, 2, 100000, 101000, 102000, 180000, -1, 0, 0.04, 3, 'take_innsta_0.0075', 20, 0, 60, 9.771198595936603]

[30705.348144469353, 717.9334586993754, 3, 100000, 101000, 104000, 174000, -1, 0, 0.02, 4, 'take_innsta_0.0075', 9, 0, 61, 8.934581624013473, 717.9334586993754, 42.76907249885785, 3, 100000, 101000, 121000, 151000, 1, 0, 0.04, 4, 'take_innsta_0.015', 9, 0, 35, 6.67531934515229, 42.76907249885785]

[8404.059337985655, 567.4893837440865, 4, 100000, 103000, 104000, 180000, -1, 0, 0.02, 4, 'take_innsta_0.005', 20, 0, 60, 8.251285751125865, 567.4893837440865, 14.809192169444225, 4, 100000, 103000, 142000, 180000, 1, 0, 0.04, 4, 'take_innsta_0.0075', 20, 0, 32, 5.076797255879437, 14.809192169444225]

69,74