[226.6549293636523, 226.6549293636523, 0, 100000, 102000, 103000, 170000, 1, 0, 0.04, 1, 'take_innsta_0.02', 9, 27, 36, 10.440733907171866, 226.6549293636523, 2]

[734.0709602220043, 734.0709602220043, 1, 100000, 112000, 124000, 175000, 1, 0, 0.04, 1, 'take_innsta_0.02', 9, 27, 45, 9.702857299729482, 734.0709602220043, 10]

[160.39062543330283, 160.39062543330283, 2, 100000, 101000, 111000, 170000, -1, 0, 0.04, 1, 'take_innsta_0.02', 27, 0, 47, 7.8432278757553355, 160.39062543330283, 14]

[250.15969264981837, 250.15969264981837, 3, 100000, 101000, 123000, 175000, -1, 0, 0.03, 1, 'take_innsta_0.02', 9, 27, 53, 8.13005953802554, 250.15969264981837, 20]

[234.65909272635258, 234.65909272635258, 4, 100000, 111000, 132000, 175000, -1, 0, 0.03, 1, 'take_innsta_0.04', 9, 27, 52, 8.680079361182816, 234.65909272635258, 21]

