[453326.8335039652, 3297.529846982783, 0, 100000, 101000, 104000, 175000, -1, 0, 0.03, 5, 'take_innsta_0.02', 9, 20, 36, 12.488671684194667, 3297.529846982783, 137.47467181191888, 0, 100000, 101000, 115000, 180000, 1, 0, 0.02, 5, 'take_innsta_0.01', 9, 20, 40, 8.468112365264476, 137.47467181191888]

[922264.1032403492, 3193.0678906790254, 1, 100000, 101000, 103000, 180000, -1, 0, 0.03, 3, 'take_innsta_0.015', 20, 0, 32, 12.918891709474495, 3193.0678906790254, 288.8332271081853, 1, 100000, 101000, 115000, 180000, 1, 0, 0.04, 3, 'take_innsta_0.01', 20, 0, 40, 9.659130304486574, 288.8332271081853]

[1915632.7591640258, 114570.21887947412, 2, 100000, 103000, 104000, 180000, -1, 0, 0.01, 4, 'take_innsta_0.03', 9, 27, 32, 17.541664613651395, 114570.21887947412, 16.720163214309977, 2, 100000, 103000, 105000, 180000, 1, 0, 0.04, 4, 'take_innsta_0.003', 9, 27, 55, 5.147158683917999, 16.720163214309977]

[4797428.511159675, 12819.207554840272, 3, 100000, 105000, 112000, 180000, -1, 0, 0.04, 2, 'take_innsta_0.0075', 9, 0, 56, 12.437016418248607, 12819.207554840272, 374.2375252632729, 3, 100000, 105000, 135000, 174000, 1, 0, 0.03, 2, 'take_innsta_0.01', 9, 0, 26, 8.532941791781242, 374.2375252632729]

[1084660.6226309587, 52593.21907246098, 4, 100000, 104000, 105000, 175000, -1, 0, 0.02, 4, 'take_innsta_0.04', 20, 0, 38, 15.725901477149726, 52593.21907246098, 20.62358307325805, 4, 100000, 104000, 132000, 152000, 1, 0, 0.04, 4, 'take_innsta_0.01', 20, 0, 31, 4.888110005402825, 20.62358307325805]

107,74