[45891.84594387, 252.61365682413975, 0, 100000, 101000, 102000, 173000, -1, 0, 0.04, 3, 'take_innsta_0.0075', 27, 0, 52, 7.941267382831986, 252.61365682413975, 181.66811137933925, 0, 100000, 101000, 110000, 175000, 1, 0, 0.03, 3, 'take_innsta_0.02', 27, 0, 15, 9.725211016313184, 181.66811137933925]

[187865.193572667, 51.50687502174463, 1, 100000, 101000, 102000, 180000, -1, 0, 0.04, 4, 'take_innsta_0.003', 14, 20, 75, 5.520862278412411, 51.50687502174463, 3647.3809271744026, 1, 100000, 101000, 104000, 170000, 1, 0, 0.04, 4, 'take_innsta_0.04', 14, 20, 26, 14.510808349493638, 3647.3809271744026]

[477365.99764457234, 13479.129035877988, 2, 100000, 101000, 120000, 174000, -1, 0, 0.04, 3, 'take_innsta_0.04', 14, 20, 37, 13.402099656871798, 13479.129035877988, 35.41519606897051, 2, 100000, 101000, 102000, 133000, 1, 0, 0.01, 3, 'take_innsta_0.0075', 14, 20, 38, 5.770257953165409, 35.41519606897051]

[14739.125650128617, 116.88984536959227, 3, 100000, 102000, 123000, 180000, -1, 0, 0.03, 5, 'take_innsta_0.02', 20, 0, 34, 7.036182356222023, 116.88984536959227, 126.09414961175793, 3, 100000, 102000, 104000, 141000, 1, 0, 0.01, 5, 'take_innsta_0.04', 20, 0, 27, 9.63486693814978, 126.09414961175793]

[46663.928340999955, 29.93239427146354, 4, 100000, 102000, 141000, 171000, -1, 0, 0.04, 4, 'take_innsta_0.01', 9, 14, 32, 5.130937728249498, 29.93239427146354, 1558.9774716247023, 4, 100000, 102000, 110000, 165000, 1, 0, 0.04, 4, 'take_innsta_0.04', 9, 14, 27, 12.313134922634807, 1558.9774716247023]

90,96

