[81.79705345172401, 17.530104685709617, 0, 93000, 95000, 100000, 123000, -1, 0, 0.01, 2, 'take_innsta_0.0075', 20, 27, 27, 4.145746846281891, 17.530104685709617, 4.666090415216073, 0, 93000, 95000, 103000, 152000, 1, 0, 0.02, 2, 'take_innsta_0.01', 20, 27, 8, 2.909699356376632, 4.666090415216073]

[246.79592880823637, 17.618711847742482, 1, 93000, 95000, 102000, 122000, -1, 0, 0.01, 2, 'take_innsta_0.04', 9, 14, 20, 4.564146853690667, 17.618711847742482, 14.007603446892105, 1, 93000, 95000, 100000, 150000, 1, 0, 0.01, 2, 'take_innsta_0.01', 9, 14, 23, 4.143578115422883, 14.007603446892105]

[297.3345234078271, 27.073120220571873, 2, 93000, 111000, 124000, 152000, -1, 0, 0.04, 2, 'take_innsta_0.04', 20, 27, 15, 4.983157923486891, 27.073120220571873, 10.982647030906081, 2, 93000, 111000, 112000, 140000, 1, 0, 0.02, 2, 'take_innsta_0.0075', 20, 27, 26, 3.654311024730565, 10.982647030906081]

[374.0490010687874, 79.82062960906006, 3, 93000, 94000, 95000, 142000, -1, 0, 0.03, 2, 'take_innsta_0.02', 9, 14, 21, 6.439155816784096, 79.82062960906006, 4.686119401723322, 3, 93000, 94000, 131000, 150000, 1, 0, 0.03, 2, 'take_innsta_0.0075', 9, 14, 4, 2.844537827469691, 4.686119401723322]

[439.85073060537053, 26.561440879304314, 4, 93000, 94000, 103000, 152000, -1, 0, 0.03, 2, 'take_innsta_0.003', 14, 0, 56, 4.455159015431588, 26.561440879304314, 16.5597466117919, 4, 93000, 94000, 103000, 124000, 1, 0, 0.01, 2, 'take_innsta_0.04', 14, 0, 22, 4.350651857049053, 16.5597466117919]

