[141.62206418010456, 141.62206418010456, 0, 100000, 115000, 121000, 163000, 1, 0, 0.04, 5, 'take_innsta_0.03', 9, 27, 29, 7.785947088635591, 141.62206418010456, 56]

[603.2114767878154, 603.2114767878154, 1, 100000, 101000, 102000, 135000, 1, 0, 0.04, 0, 'take_innsta_0.03', 20, 0, 33, 12.405851590983222, 603.2114767878154, 0]

[68.92676024375045, 68.92676024375045, 2, 100000, 101000, 121000, 164000, -1, 0, 0.04, 1, 'take_innsta_0.03', 27, 0, 52, 6.730118330305343, 68.92676024375045, 12]

[154.36069279635632, 154.36069279635632, 3, 100000, 131000, 132000, 173000, 1, 0, 0.04, 5, 'take_innsta_0.02', 9, 27, 35, 7.369690139070548, 154.36069279635632, 64]

[108.0833777257243, 108.0833777257243, 4, 100000, 143000, 145000, 165000, 1, 0, 0.04, 0, 'take_innsta_0.03', 27, 0, 62, 7.733009108658991, 108.0833777257243, 1]

