[894649.4187040238, 104.65252990506065, 0, 100000, 101000, 102000, 180000, -1, 0, 0.01, 4, 'take_innsta_0.003', 9, 27, 44, 6.900013809983551, 104.65252990506065, 8548.76054611998, 0, 100000, 101000, 112000, 175000, 1, 0, 0.04, 4, 'take_innsta_0.03', 9, 27, 27, 14.30299136891628, 8548.76054611998]

[21578.654750013473, 31.6191128810531, 1, 100000, 101000, 110000, 174000, 1, 0, 0.01, 3, 'take_innsta_0.003', 14, 0, 67, 5.309240239852629, 31.6191128810531, 682.4560458476335, 1, 100000, 101000, 102000, 172000, -1, 0, 0.04, 3, 'take_innsta_0.01', 14, 0, 41, 10.029842350623356, 682.4560458476335]

[585728.0616792083, 5193.2560532514635, 2, 100000, 103000, 104000, 180000, -1, 0, 0.02, 5, 'take_innsta_0.01', 9, 0, 55, 10.990393224037119, 5193.2560532514635, 112.78628584325008, 2, 100000, 103000, 112000, 141000, 1, 0, 0.04, 5, 'take_innsta_0.04', 9, 0, 20, 9.272183739336663, 112.78628584325008]

[73786.61561795027, 1504.744113705399, 3, 100000, 101000, 102000, 171000, -1, 0, 0.04, 3, 'take_innsta_0.003', 9, 27, 82, 9.487279434681628, 1504.744113705399, 49.03598887405006, 3, 100000, 101000, 121000, 180000, 1, 0, 0.04, 3, 'take_innsta_0.005', 9, 27, 58, 6.300026920849265, 49.03598887405006]

[80299.38504182502, 1106.7175331490764, 4, 100000, 110000, 113000, 173000, -1, 0, 0.02, 5, 'take_innsta_0.02', 9, 0, 31, 10.531207893539298, 1106.7175331490764, 72.5563503212419, 4, 100000, 110000, 144000, 180000, 1, 0, 0.01, 5, 'take_innsta_0.04', 9, 0, 17, 8.07371740433423, 72.5563503212419]

91,16