[88185.63893598104, 2363.7710566374503, 0, 100000, 102000, 105000, 180000, -1, 0, 0.04, 4, 'take_innsta_0.015', 27, 0, 30, 11.311321508865323, 2363.7710566374503, 37.30718281212407, 0, 100000, 102000, 104000, 175000, 1, 0, 0.01, 4, 'take_innsta_0.0075', 27, 0, 36, 6.30510927092549, 37.30718281212407]

[3784772.4057023297, 71784.98406061492, 1, 100000, 101000, 102000, 180000, -1, 0, 0.02, 5, 'take_innsta_0.02', 14, 27, 54, 15.32161217786863, 71784.98406061492, 52.723734012484904, 1, 100000, 101000, 103000, 143000, 1, 0, 0.04, 5, 'take_innsta_0.04', 14, 27, 13, 9.728917106367804, 52.723734012484904]

[105675.141322222, 5099.247692459252, 2, 100000, 101000, 102000, 174000, -1, 0, 0.04, 4, 'take_innsta_0.015', 9, 0, 45, 12.323793578931, 5099.247692459252, 20.72367292110442, 2, 100000, 101000, 103000, 172000, 1, 0, 0.02, 4, 'take_innsta_0.005', 9, 0, 53, 5.386360564241313, 20.72367292110442]

[20025.68520022387, 0.5806451612903226, 3, 100000, 101000, 104000, 180000, -1, 0, 0.04, 3, 'take_innsta_0.0075', 0 ,0, 72, 12.84936503321714, 20025.68520022387, [0.0, -0.0005187060478198717, 0.008264249533457857, 0.0018881720430107504, 0.006051922344879968, -0.017406591143151438, 0.002476897870016615, 0.013014937401064986, 0.009657165839924842, 0.0072623488309592425, 0.02555336881734385, 0.007104590209402373, 0.006718796992481258, 0.004129143561306137, 0.009273980796474035, -0.007660551826994632, 0.004969230769230748, 0.00520380729242933, 0.011043079200592132, 0.008494529940576001, -0.0005069597069596636, 0.005015831987076025, -0.013196045818295898, 0.008159113862192502, -0.0020668250197941377, 0.0004547051442912682, -0.002252432824981753, 0.0007574118646466406, 0.003609672830725464, 0.007524504313606873, -0.0044829900422861165, -0.008336311318169342, 0.004972444174388491, 0.0058052227342550115, -0.008806042296072491, 0.007707956514889114, 0.008730069010844633, 8.090204369284382e-05, 0.017082187938288886, 0.005301694915254141, 0.008190318118948792, 0.025457396449704153, -0.0013646527385657629, 0.007219395747855373, 0.006582941519331609, 0.00198551532033422, 0.004742213190467437, 0.0026802784222738304, 0.01100061037639879, 0.011869683257918507, -0.005141031429067499, 0.011271378586424153, 0.006514897413024157, 0.007556545961002659, 0.010354657823334357, 0.005562733578145762, 0.006968982703019622, -0.0051411286934603725, -6.246156806119995e-05, 0.001038495262339368, 0.0014637238256932869, -0.0006585172608942529, -0.002663265013616111, -0.0005143265247823152, 0.0, 0.007424349467439662, -0.005358251776377587, 0.008289637812893292, 0.0029878969396323293, 0.006521772639691914, 0.0, 0.004037103428652511, -0.0033386140676458834, -0.004164643207626417, 0.009036987071388359, 0.011246444121915689, 0.006302693104468871, 0.0008783216783218257, 0.002554136171405786, 0.007133135004958291, 0.0, 0.00319064263107185, 0.002377124702144596, -0.01027045484860598, 0.0, 0.00739775507630216, -0.006636614757720571, -0.0027744483159115366, -0.0009156604210038604, -0.0015695690413367372, 0.004687595747113438, -0.004486211265983231, 0.007052193995381062, 0.006645323406235493, 0.006079903439951817, 0.006484921369102637, 0.004857821513403549, 0.004879382768966956, 0.007094736842105176, 0.004687804878048674, 0.004776208178438513, 0.005770713391739868, 0.006256251242297584, 0.006755423004274697, 0.005780915345498095, 0.008530511735282876, -0.005550593824228045, 0.0, -0.0019942387202946713, 0.011459564574085724, 0.008337508357477175, 0.0, 3.6295212209847666e-05, -5.1657045114427585e-05, -0.00437723577235769, 0.007353097044502288, -0.0006862861041619699, 0.016864889725096612, 0.006118964252017989, 0.0029099851600592704, 0.006237533512064486, 0.00987106710671073, 0.008561799292156636, 0.003503826916366216, 0.001726209422761161, 0.006018458541336891, -0.0018263427984947836, -0.0036941331593117513, 0.004146327089033975, 0.0014408963585434095, 0.0113765601217656]]
#[88672.43926725358, 10081.348399531738, 3, 100000, 101000, 102000, 180000, -1, 0, 0.02, 5, 'take_innsta_0.01', 27, 0, 57, 12.494938896795341, 10081.348399531738, 8.795692376961425, 3, 100000, 101000, 140000, 180000, 1, 0, 0.04, 5, 'take_innsta_0.003', 27, 0, 51, 3.984706672702227, 8.795692376961425]

[3625394.862677412, 41294.348383745055, 4, 100000, 102000, 104000, 164000, -1, 0, 0.02, 4, 'take_innsta_0.02', 20, 0, 37, 15.382143446404614, 41294.348383745055, 87.79397192533249, 4, 100000, 102000, 130000, 175000, 1, 0, 0.03, 4, 'take_innsta_0.005', 20, 0, 53, 6.588295964343324, 87.79397192533249]

126,83

