[307.5013978550785, 307.5013978550785, 0, 100000, 101000, 102000, 141000, 1, 0, 0.04, 0, 'take_innsta_0.015', 14, 27, 53, 10.554557975663977, 307.5013978550785, 1]
[150.8740742167023, 150.8740742167023, 0, 100000, 101000, 102000, 175000, 1, 0, 0.04, 0, 'take_innsta_0.015', 14, 27, 49, 9.814576436682472, 150.8740742167023, 1]

[2041.2667872401312, 2041.2667872401312, 1, 100000, 114000, 115000, 173000, 1, 0, 0.04, 2, 'take_innsta_0.01', 27, 0, 62, 10.603549785364663, 2041.2667872401312, 29]

[131.3126685078631, 131.3126685078631, 2, 100000, 102000, 103000, 141000, 1, 0, 0.04, 0, 'take_innsta_0.03', 27, 0, 33, 10.213371683741107, 131.3126685078631, 0]

[2453.6775931825587, 2453.6775931825587, 3, 100000, 123000, 124000, 180000, 1, 0, 0.04, 2, 'take_innsta_0.015', 27, 0, 46, 11.12863756281689, 2453.6775931825587, 21]

[69.4749824762959, 69.4749824762959, 4, 100000, 133000, 134000, 174000, 1, 0, 0.04, 0, 'take_innsta_0.04', 14, 27, 62, 7.870595693484689, 69.4749824762959, 1]


