<TICKER>,<PER>,<DATE>,<TIME>,<OPEN>,<HIGH>,<LOW>,<CLOSE>,<VOL>
SPBEX.COP,10,20161006,182000,43.7400000,43.7400000,43.7400000,43.7400000,5
SPBEX.COP,10,20161102,165000,43.2500000,43.2500000,43.2500000,43.2500000,1
SPBEX.COP,10,20161118,210000,44.6000000,44.6000000,44.6000000,44.6000000,1
SPBEX.COP,10,20161125,174000,45.9900000,45.9900000,45.8000000,45.8000000,5
SPBEX.COP,10,20161125,185000,45.7200000,45.7200000,45.7200000,45.7200000,1
SPBEX.COP,10,20161125,192000,45.6400000,45.6400000,45.6400000,45.6400000,1
SPBEX.COP,10,20161125,193000,45.5600000,45.5600000,45.5600000,45.5600000,1
SPBEX.COP,10,20161125,194000,45.4800000,45.4800000,45.4800000,45.4800000,1
SPBEX.COP,10,20161125,195000,45.4000000,45.4000000,45.3200000,45.3200000,2
SPBEX.COP,10,20161125,200000,45.2400000,45.2400000,45.2400000,45.2400000,1
SPBEX.COP,10,20161125,210000,45.6900000,45.6900000,45.6900000,45.6900000,1
SPBEX.COP,10,20161129,183000,44.3100000,44.3100000,44.2100000,44.2100000,2
SPBEX.COP,10,20161129,202000,44.0200000,44.0200000,44.0200000,44.0200000,1
SPBEX.COP,10,20161129,203000,44.0400000,44.0400000,44.0400000,44.0400000,1
SPBEX.COP,10,20161129,221000,44.2700000,44.2700000,44.2700000,44.2700000,4
SPBEX.COP,10,20161130,171000,46.4100000,46.5200000,46.4100000,46.5200000,2
SPBEX.COP,10,20161130,174000,46.7400000,47.1800000,46.7400000,47.1800000,3
SPBEX.COP,10,20161130,175000,47.4000000,47.8400000,47.4000000,47.8400000,3
SPBEX.COP,10,20161130,180000,48.0600000,48.0600000,48.0600000,48.0600000,1
SPBEX.COP,10,20161130,181000,48.2800000,48.2800000,48.2800000,48.2800000,1
SPBEX.COP,10,20161130,192000,48.5000000,48.5000000,48.5000000,48.5000000,1
SPBEX.COP,10,20161201,180000,49.0000000,49.2700000,49.0000000,49.2700000,40
SPBEX.COP,10,20161201,193000,48.8300000,48.8300000,48.8300000,48.8300000,2
SPBEX.COP,10,20161213,225000,52.7400000,52.7800000,52.7400000,52.7800000,10
SPBEX.COP,10,20161214,174000,52.3000000,52.3000000,52.1900000,52.1900000,4
SPBEX.COP,10,20161214,175000,52.0000000,52.0700000,52.0000000,52.0700000,4
SPBEX.COP,10,20161214,182000,51.9800000,52.0000000,51.9800000,52.0000000,4
SPBEX.COP,10,20161215,183000,51.7400000,51.7400000,51.7400000,51.7400000,2
SPBEX.COP,10,20161215,184000,51.9700000,52.0300000,51.9700000,52.0300000,4
SPBEX.COP,10,20161216,175000,51.7000000,51.7800000,51.7000000,51.7800000,4
SPBEX.COP,10,20161216,181000,51.8000000,51.8000000,51.8000000,51.8000000,2
SPBEX.COP,10,20161216,182000,51.9400000,51.9400000,51.9400000,51.9400000,2
SPBEX.COP,10,20161219,175000,51.7900000,51.7900000,51.7900000,51.7900000,1
SPBEX.COP,10,20161219,180000,51.8000000,51.8400000,51.8000000,51.8200000,3
SPBEX.COP,10,20161219,182000,51.9400000,51.9400000,51.9400000,51.9400000,1
SPBEX.COP,10,20161219,183000,52.0000000,52.0000000,52.0000000,52.0000000,1
SPBEX.COP,10,20161221,203000,51.6100000,51.6100000,51.6100000,51.6100000,5
SPBEX.COP,10,20161221,213000,51.5900000,51.5900000,51.5900000,51.5900000,5
SPBEX.COP,10,20161230,194000,50.7200000,50.7200000,50.7200000,50.7200000,2
SPBEX.COP,10,20161230,200000,50.7500000,50.7500000,50.7500000,50.7500000,2
SPBEX.COP,10,20170112,182000,50.6600000,50.6600000,50.6400000,50.6400000,4
SPBEX.COP,10,20170112,184000,50.5900000,50.5900000,50.5900000,50.5900000,2
SPBEX.COP,10,20170112,185000,50.6600000,50.6600000,50.6600000,50.6600000,2
SPBEX.COP,10,20170112,210000,50.3300000,50.3900000,50.3300000,50.3900000,4
SPBEX.COP,10,20170112,211000,50.3100000,50.3800000,50.3100000,50.3800000,4
SPBEX.COP,10,20170112,214000,50.4700000,50.4700000,50.4100000,50.4100000,4
SPBEX.COP,10,20170117,181000,50.1200000,50.1200000,50.1200000,50.1200000,48
SPBEX.COP,10,20170118,132000,49.8500000,49.8500000,49.8500000,49.8500000,15
SPBEX.COP,10,20170125,173000,50.4300000,50.4300000,50.4300000,50.4300000,10
SPBEX.COP,10,20170125,183000,50.9900000,50.9900000,50.9900000,50.9900000,1
SPBEX.COP,10,20170202,175000,48.1300000,48.1300000,48.1300000,48.1300000,10
SPBEX.COP,10,20170202,223000,48.5000000,48.5000000,48.5000000,48.5000000,2
SPBEX.COP,10,20170202,224000,48.4800000,48.4800000,48.4800000,48.4800000,5
SPBEX.COP,10,20170207,174000,49.5800000,49.5800000,49.5800000,49.5800000,10
SPBEX.COP,10,20170216,214000,48.4800000,48.4800000,48.4800000,48.4800000,12
SPBEX.COP,10,20170221,101000,48.4800000,48.4800000,48.4800000,48.4800000,1
SPBEX.COP,10,20170221,150000,47.6200000,47.6200000,47.6200000,47.6200000,1
SPBEX.COP,10,20170221,152000,47.9600000,47.9600000,47.9600000,47.9600000,6
SPBEX.COP,10,20170221,160000,47.9500000,47.9500000,47.9500000,47.9500000,1
SPBEX.COP,10,20170221,212000,48.2800000,48.2800000,48.2800000,48.2800000,1
SPBEX.COP,10,20170222,111000,48.2800000,48.2800000,48.2800000,48.2800000,2
SPBEX.COP,10,20170222,160000,48.1400000,48.1400000,48.1400000,48.1400000,40
SPBEX.COP,10,20170222,161000,48.1300000,48.1300000,48.1300000,48.1300000,1
SPBEX.COP,10,20170222,205000,47.5600000,47.5600000,47.5600000,47.5600000,1
SPBEX.COP,10,20170222,232000,47.2000000,47.2000000,47.2000000,47.2000000,30
SPBEX.COP,10,20170223,130000,47.4100000,47.4100000,47.4100000,47.4100000,30
SPBEX.COP,10,20170224,160000,47.1900000,47.1900000,47.1900000,47.1900000,1
SPBEX.COP,10,20170224,173000,47.0500000,47.0500000,47.0500000,47.0500000,30
SPBEX.COP,10,20170224,181000,47.2700000,47.2700000,47.2700000,47.2700000,30
SPBEX.COP,10,20170224,202000,47.0800000,47.0800000,47.0800000,47.0800000,20
SPBEX.COP,10,20170224,203000,47.0800000,47.0800000,47.0800000,47.0800000,10
SPBEX.COP,10,20170227,202000,47.5000000,47.5000000,47.5000000,47.5000000,30
SPBEX.COP,10,20170301,213000,48.6500000,48.6500000,48.6500000,48.6500000,1
SPBEX.COP,10,20170307,235000,47.6200000,47.6200000,47.6200000,47.6200000,2
SPBEX.COP,10,20170308,205000,46.3200000,46.5000000,46.3200000,46.5000000,2
SPBEX.COP,10,20170308,215000,46.0000000,46.0000000,46.0000000,46.0000000,1
SPBEX.COP,10,20170309,114000,46.3900000,46.3900000,46.3900000,46.3900000,2
SPBEX.COP,10,20170310,170000,46.6800000,46.6800000,46.6800000,46.6800000,1
SPBEX.COP,10,20170310,222000,45.9000000,45.9000000,45.9000000,45.9000000,1
SPBEX.COP,10,20170314,175000,44.4900000,44.4900000,44.4900000,44.4900000,5
SPBEX.COP,10,20170314,181000,44.5000000,44.5000000,44.5000000,44.5000000,6
SPBEX.COP,10,20170314,200000,44.6100000,44.6100000,44.6100000,44.6100000,1
SPBEX.COP,10,20170315,225000,46.0600000,46.0600000,46.0600000,46.0600000,3
SPBEX.COP,10,20170315,230000,45.7900000,45.7900000,45.7900000,45.7900000,1
SPBEX.COP,10,20170317,132000,45.8900000,45.8900000,45.8900000,45.8900000,2
SPBEX.COP,10,20170317,192000,46.1900000,46.1900000,46.1900000,46.1900000,3
SPBEX.COP,10,20170320,170000,45.4600000,45.4600000,45.4600000,45.4600000,1
SPBEX.COP,10,20170320,174000,45.3600000,45.3600000,45.3600000,45.3600000,1
SPBEX.COP,10,20170320,175000,45.3300000,45.3300000,45.3300000,45.3300000,3
SPBEX.COP,10,20170320,200000,45.6600000,45.6600000,45.6600000,45.6600000,200
SPBEX.COP,10,20170320,215000,45.5600000,45.5600000,45.5600000,45.5600000,10
SPBEX.COP,10,20170321,102000,45.6400000,45.6400000,45.6400000,45.6400000,1
SPBEX.COP,10,20170321,125000,46.1300000,46.1300000,46.1300000,46.1300000,3
SPBEX.COP,10,20170321,153000,46.1300000,46.1300000,46.1300000,46.1300000,43
SPBEX.COP,10,20170321,164000,46.1200000,46.1200000,46.1200000,46.1200000,7
SPBEX.COP,10,20170321,192000,45.3100000,45.3100000,45.3100000,45.3100000,3
SPBEX.COP,10,20170321,211000,44.9500000,45.0000000,44.9500000,45.0000000,2
SPBEX.COP,10,20170323,201000,44.4900000,44.4900000,44.4900000,44.4900000,1
SPBEX.COP,10,20170324,185000,44.3400000,44.3400000,44.3400000,44.3400000,10
SPBEX.COP,10,20170324,190000,44.4000000,44.4000000,44.4000000,44.4000000,1
SPBEX.COP,10,20170324,222000,44.1100000,44.1100000,44.1100000,44.1100000,3
SPBEX.COP,10,20170328,173000,44.5200000,44.5200000,44.5200000,44.5200000,10
SPBEX.COP,10,20170328,225000,45.3200000,45.3200000,45.3200000,45.3200000,3
SPBEX.COP,10,20170329,110000,45.4400000,45.4400000,45.4400000,45.4400000,1
SPBEX.COP,10,20170329,131000,45.4100000,45.4100000,45.4100000,45.4100000,1
SPBEX.COP,10,20170329,174000,45.7000000,45.7000000,45.7000000,45.7000000,1
SPBEX.COP,10,20170329,203000,45.9800000,45.9800000,45.9800000,45.9800000,3
SPBEX.COP,10,20170329,212000,45.8000000,45.8000000,45.8000000,45.8000000,1
SPBEX.COP,10,20170330,110000,48.2600000,48.2600000,48.2600000,48.2600000,10
SPBEX.COP,10,20170330,144000,49.0000000,49.0000000,49.0000000,49.0000000,3
SPBEX.COP,10,20170330,155000,49.6100000,49.6100000,49.6100000,49.6100000,4
SPBEX.COP,10,20170330,162000,49.5300000,49.5300000,49.5300000,49.5300000,3
SPBEX.COP,10,20170330,170000,48.7800000,48.7800000,48.7800000,48.7800000,4
SPBEX.COP,10,20170330,173000,48.8500000,48.8500000,48.8500000,48.8500000,200
SPBEX.COP,10,20170330,175000,49.4500000,49.5300000,49.4500000,49.5300000,60
SPBEX.COP,10,20170330,185000,49.9200000,49.9200000,49.9200000,49.9200000,10
SPBEX.COP,10,20170330,190000,50.2500000,50.2500000,50.2500000,50.2500000,8
SPBEX.COP,10,20170331,164000,49.8200000,49.8200000,49.8200000,49.8200000,50
SPBEX.COP,10,20170331,165000,49.8400000,49.8400000,49.7400000,49.7400000,100
SPBEX.COP,10,20170331,170000,49.6800000,49.6800000,49.6800000,49.6800000,50
SPBEX.COP,10,20170403,161000,49.8000000,49.8000000,49.8000000,49.8000000,1
SPBEX.COP,10,20170403,164000,49.8300000,49.9000000,49.6550000,49.6600000,11457
SPBEX.COP,10,20170403,165000,49.6000000,49.7300000,49.5400000,49.6500000,11353
SPBEX.COP,10,20170403,170000,49.6500000,49.7000000,49.5300000,49.6100000,16544
SPBEX.COP,10,20170403,171000,49.6100000,49.6300000,49.2300000,49.3100000,24386
SPBEX.COP,10,20170403,172000,49.2800000,49.4000000,49.2100000,49.2900000,17934
SPBEX.COP,10,20170403,173000,49.2700000,49.4300000,49.2700000,49.3700000,11062
SPBEX.COP,10,20170403,174000,49.3600000,49.4550000,49.3600000,49.4350000,15254
SPBEX.COP,10,20170403,175000,49.4350000,49.4350000,49.2850000,49.3550000,14265
SPBEX.COP,10,20170403,180000,49.3550000,49.3550000,49.0300000,49.0900000,25579
SPBEX.COP,10,20170403,181000,49.0700000,49.0900000,48.8900000,48.9900000,14149
SPBEX.COP,10,20170403,182000,49.0100000,49.1850000,48.9400000,48.9600000,9218
SPBEX.COP,10,20170403,183000,48.9500000,48.9900000,48.8400000,48.9000000,11996
SPBEX.COP,10,20170403,184000,48.9100000,48.9700000,48.8050000,48.9400000,10845
SPBEX.COP,10,20170403,185000,48.9300000,49.0400000,48.8400000,48.8600000,14331
SPBEX.COP,10,20170403,190000,48.8300000,49.0200000,48.8100000,48.9500000,14836
SPBEX.COP,10,20170403,191000,48.9500000,48.9700000,48.8500000,48.9700000,9344
SPBEX.COP,10,20170403,192000,48.9600000,49.0400000,48.8900000,49.0350000,7517
SPBEX.COP,10,20170403,193000,49.0100000,49.1600000,48.9600000,49.1600000,7180
SPBEX.COP,10,20170403,194000,49.1400000,49.3100000,49.1000000,49.3100000,11171
SPBEX.COP,10,20170403,195000,49.3100000,49.3700000,49.2700000,49.3200000,9215
SPBEX.COP,10,20170403,200000,49.3100000,49.3400000,49.2400000,49.3400000,10981
SPBEX.COP,10,20170403,201000,49.3400000,49.3400000,49.2450000,49.2800000,11956
SPBEX.COP,10,20170403,202000,49.2800000,49.3000000,49.2000000,49.2400000,13570
SPBEX.COP,10,20170403,203000,49.2400000,49.2950000,49.2200000,49.2950000,10558
SPBEX.COP,10,20170403,204000,49.2950000,49.3200000,49.2500000,49.2500000,12417
SPBEX.COP,10,20170403,205000,49.2400000,49.2400000,49.0900000,49.1200000,9388
SPBEX.COP,10,20170403,210000,49.1000000,49.2500000,49.1000000,49.2200000,11816
SPBEX.COP,10,20170403,211000,49.2100000,49.2800000,49.2100000,49.2600000,8403
SPBEX.COP,10,20170403,212000,49.2600000,49.2700000,49.1700000,49.1800000,7926
SPBEX.COP,10,20170403,213000,49.1800000,49.2000000,49.1200000,49.1900000,12972
SPBEX.COP,10,20170403,214000,49.2000000,49.2400000,49.1700000,49.2400000,13138
SPBEX.COP,10,20170403,215000,49.2600000,49.4200000,49.2600000,49.4000000,17505
SPBEX.COP,10,20170403,220000,49.4000000,49.4950000,49.3900000,49.4950000,15237
SPBEX.COP,10,20170403,221000,49.4900000,49.5100000,49.4200000,49.5100000,22105
SPBEX.COP,10,20170403,222000,49.5150000,49.5900000,49.5000000,49.5700000,21681
SPBEX.COP,10,20170403,223000,49.5800000,49.6700000,49.5800000,49.6200000,25171
SPBEX.COP,10,20170403,224000,49.6000000,49.6250000,49.5200000,49.5750000,23691
SPBEX.COP,10,20170403,225000,49.5800000,49.5900000,49.4700000,49.5050000,33814
SPBEX.COP,10,20170403,230000,49.5000000,49.5050000,49.4100000,49.4500000,42307
SPBEX.COP,10,20170404,143000,49.2200000,49.2200000,49.2200000,49.2200000,2
SPBEX.COP,10,20170404,193000,49.6400000,49.6400000,49.6400000,49.6400000,6
SPBEX.COP,10,20170405,151000,50.0000000,50.0000000,50.0000000,50.0000000,50
SPBEX.COP,10,20170405,152000,50.0200000,50.0200000,50.0200000,50.0200000,40
SPBEX.COP,10,20170405,155000,50.0900000,50.0900000,50.0900000,50.0900000,100
SPBEX.COP,10,20170405,161000,50.1500000,50.1500000,50.1500000,50.1500000,100
SPBEX.COP,10,20170405,162000,50.1400000,50.1400000,50.1400000,50.1400000,85
SPBEX.COP,10,20170405,163000,50.0900000,50.0900000,50.0500000,50.0500000,400
SPBEX.COP,10,20170405,164000,50.0200000,50.2800000,50.0200000,50.1400000,26612
SPBEX.COP,10,20170405,165000,50.1200000,50.3200000,50.0500000,50.2700000,22483
SPBEX.COP,10,20170405,170000,50.3000000,50.3300000,50.2100000,50.2800000,19709
SPBEX.COP,10,20170405,171000,50.2700000,50.4000000,50.2600000,50.3200000,22042
SPBEX.COP,10,20170405,172000,50.3100000,50.3300000,50.2500000,50.2800000,13190
SPBEX.COP,10,20170405,173000,50.2800000,50.3800000,50.2200000,50.3200000,35141
SPBEX.COP,10,20170405,174000,50.3300000,50.3300000,49.6400000,49.7400000,55374
SPBEX.COP,10,20170405,175000,49.7500000,49.8700000,49.7300000,49.7600000,17405
SPBEX.COP,10,20170405,180000,49.7600000,49.7900000,49.6200000,49.7400000,18079
SPBEX.COP,10,20170405,181000,49.7200000,49.7400000,49.4400000,49.4400000,14923
SPBEX.COP,10,20170405,182000,49.4400000,49.5500000,49.3200000,49.4000000,12080
SPBEX.COP,10,20170405,183000,49.3900000,49.5800000,49.2800000,49.5800000,17316
SPBEX.COP,10,20170405,184000,49.5900000,49.6400000,49.4500000,49.5700000,16219
SPBEX.COP,10,20170405,185000,49.5700000,49.6500000,49.5300000,49.5600000,13997
SPBEX.COP,10,20170405,190000,49.5700000,49.6000000,49.5100000,49.5600000,11370
SPBEX.COP,10,20170405,191000,49.5700000,49.6300000,49.5300000,49.6100000,8384
SPBEX.COP,10,20170405,192000,49.5900000,49.6300000,49.5200000,49.5700000,7189
SPBEX.COP,10,20170405,193000,49.5600000,49.5700000,49.4800000,49.4900000,4656
SPBEX.COP,10,20170405,194000,49.5000000,49.5800000,49.4900000,49.5400000,5378
SPBEX.COP,10,20170405,195000,49.5300000,49.5900000,49.5200000,49.5300000,5436
SPBEX.COP,10,20170405,200000,49.5200000,49.5550000,49.5100000,49.5500000,8015
SPBEX.COP,10,20170405,201000,49.5500000,49.5900000,49.5300000,49.5500000,19823
SPBEX.COP,10,20170405,202000,49.5550000,49.6450000,49.5500000,49.5600000,6287
SPBEX.COP,10,20170405,203000,49.5500000,49.6400000,49.5450000,49.6400000,8793
SPBEX.COP,10,20170405,204000,49.6500000,49.7300000,49.6500000,49.7000000,6736
SPBEX.COP,10,20170405,205000,49.6900000,49.7200000,49.6300000,49.7100000,7883
SPBEX.COP,10,20170405,210000,49.7300000,49.7800000,49.7100000,49.7700000,5909
SPBEX.COP,10,20170405,211000,49.7600000,49.7600000,49.5800000,49.6400000,13524
SPBEX.COP,10,20170405,212000,49.6350000,49.7100000,49.6300000,49.6800000,9549
SPBEX.COP,10,20170405,213000,49.6600000,49.6900000,49.6100000,49.6400000,7225
SPBEX.COP,10,20170405,214000,49.6400000,49.6500000,49.5400000,49.5600000,11189
SPBEX.COP,10,20170405,215000,49.5600000,49.5700000,49.4300000,49.4400000,14181
SPBEX.COP,10,20170405,220000,49.4500000,49.4500000,49.3500000,49.3900000,16952
SPBEX.COP,10,20170405,221000,49.3800000,49.4900000,49.3300000,49.4650000,28811
SPBEX.COP,10,20170405,222000,49.4700000,49.4700000,49.3000000,49.3600000,28461
SPBEX.COP,10,20170405,223000,49.3400000,49.3400000,49.0600000,49.2100000,27224
SPBEX.COP,10,20170405,224000,49.2100000,49.2100000,48.9500000,49.0700000,28126
SPBEX.COP,10,20170405,225000,49.0700000,49.1400000,49.0500000,49.0900000,38924
SPBEX.COP,10,20170405,230000,49.0800000,49.2050000,49.0600000,49.1200000,59532
SPBEX.COP,10,20170405,231000,49.1000000,49.1000000,49.0900000,49.0900000,1094
SPBEX.COP,10,20170406,021000,49.0000000,49.0000000,49.0000000,49.0000000,20
SPBEX.COP,10,20170406,164000,49.4000000,49.6100000,49.2300000,49.5900000,12780
SPBEX.COP,10,20170406,165000,49.5800000,49.7100000,49.4700000,49.4700000,20160
SPBEX.COP,10,20170406,170000,49.4800000,49.6500000,49.3700000,49.6400000,20027
SPBEX.COP,10,20170406,171000,49.6600000,49.7100000,49.5500000,49.5600000,19949
SPBEX.COP,10,20170406,172000,49.5600000,49.6200000,49.4800000,49.6100000,20836
SPBEX.COP,10,20170406,173000,49.6200000,49.6200000,49.5000000,49.5900000,9596
SPBEX.COP,10,20170406,174000,49.5900000,49.7800000,49.5900000,49.6700000,14705
SPBEX.COP,10,20170406,175000,49.6600000,49.7000000,49.5500000,49.6900000,16888
SPBEX.COP,10,20170406,180000,49.7000000,49.7400000,49.6800000,49.7100000,28555
SPBEX.COP,10,20170406,181000,49.7200000,49.7700000,49.6600000,49.7200000,13844
SPBEX.COP,10,20170406,182000,49.7400000,49.8700000,49.7400000,49.7600000,12497
SPBEX.COP,10,20170406,183000,49.7500000,49.7500000,49.6000000,49.6100000,12392
SPBEX.COP,10,20170406,184000,49.6100000,49.7000000,49.6000000,49.6200000,10359
SPBEX.COP,10,20170406,185000,49.6100000,49.7100000,49.6000000,49.6500000,8307
SPBEX.COP,10,20170406,190000,49.6400000,49.7500000,49.6400000,49.7500000,7285
SPBEX.COP,10,20170406,191000,49.7600000,49.7700000,49.7300000,49.7700000,10793
SPBEX.COP,10,20170406,192000,49.7800000,49.8000000,49.7400000,49.7800000,10637
SPBEX.COP,10,20170406,193000,49.7900000,49.8200000,49.7600000,49.7600000,5597
SPBEX.COP,10,20170406,194000,49.7700000,49.7700000,49.6500000,49.6600000,8154
SPBEX.COP,10,20170406,195000,49.6500000,49.6500000,49.5600000,49.6500000,10392
SPBEX.COP,10,20170406,200000,49.6600000,49.6900000,49.5800000,49.6300000,6802
SPBEX.COP,10,20170406,201000,49.6200000,49.7300000,49.5800000,49.7000000,12457
SPBEX.COP,10,20170406,202000,49.7100000,49.8400000,49.7000000,49.8200000,13601
SPBEX.COP,10,20170406,203000,49.8300000,49.8400000,49.7900000,49.8000000,7881
SPBEX.COP,10,20170406,204000,49.8000000,49.9700000,49.7800000,49.9000000,10575
SPBEX.COP,10,20170406,205000,49.8900000,49.8900000,49.8200000,49.8300000,10443
SPBEX.COP,10,20170406,210000,49.8300000,49.8500000,49.8100000,49.8100000,12064
SPBEX.COP,10,20170406,211000,49.8100000,49.8200000,49.7700000,49.7700000,12641
SPBEX.COP,10,20170406,212000,49.7700000,49.8200000,49.7300000,49.8100000,16579
SPBEX.COP,10,20170406,213000,49.7800000,49.8000000,49.6700000,49.6800000,11556
SPBEX.COP,10,20170406,214000,49.6700000,49.7200000,49.6400000,49.6600000,7760
SPBEX.COP,10,20170406,215000,49.6400000,49.7700000,49.6400000,49.6700000,11648
SPBEX.COP,10,20170406,220000,49.6700000,49.6800000,49.5300000,49.5300000,17032
SPBEX.COP,10,20170406,221000,49.5400000,49.6300000,49.5200000,49.6300000,10671
SPBEX.COP,10,20170406,222000,49.6400000,49.6800000,49.5800000,49.6800000,14904
SPBEX.COP,10,20170406,223000,49.6800000,49.7600000,49.6700000,49.7500000,17563
SPBEX.COP,10,20170406,224000,49.7400000,49.7600000,49.6500000,49.7300000,33900
SPBEX.COP,10,20170406,225000,49.7300000,49.8600000,49.7200000,49.8300000,49883
SPBEX.COP,10,20170406,230000,49.8300000,49.8800000,49.7800000,49.8100000,76777
SPBEX.COP,10,20170406,231000,49.7900000,49.7900000,49.7900000,49.7900000,229
SPBEX.COP,10,20170406,233000,49.7600000,49.7600000,49.7600000,49.7600000,25
SPBEX.COP,10,20170407,151000,50.1500000,50.1500000,50.1500000,50.1500000,50
SPBEX.COP,10,20170407,152000,50.2000000,50.2000000,50.2000000,50.2000000,300
SPBEX.COP,10,20170407,153000,50.1000000,50.1000000,50.1000000,50.1000000,16
SPBEX.COP,10,20170407,160000,50.0500000,50.0500000,50.0500000,50.0500000,10
SPBEX.COP,10,20170407,161000,50.0000000,50.0000000,50.0000000,50.0000000,1
SPBEX.COP,10,20170407,163000,49.9500000,49.9500000,49.9500000,49.9500000,200
SPBEX.COP,10,20170407,164000,49.8600000,49.9200000,49.6800000,49.8800000,15447
SPBEX.COP,10,20170407,165000,49.8800000,49.8900000,49.7200000,49.8500000,17654
SPBEX.COP,10,20170407,170000,49.8600000,49.8900000,49.5800000,49.5800000,23527
SPBEX.COP,10,20170407,171000,49.5800000,49.7100000,49.5200000,49.6800000,10774
SPBEX.COP,10,20170407,172000,49.6900000,49.8000000,49.6300000,49.6400000,9875
SPBEX.COP,10,20170407,173000,49.6400000,49.6900000,49.5400000,49.5600000,8265
SPBEX.COP,10,20170407,174000,49.5500000,49.6100000,49.4800000,49.6100000,9785
SPBEX.COP,10,20170407,175000,49.6000000,49.6000000,49.4600000,49.4800000,13201
SPBEX.COP,10,20170407,180000,49.4700000,49.6600000,49.4600000,49.6600000,12774
SPBEX.COP,10,20170407,181000,49.6600000,49.7200000,49.5800000,49.5800000,17752
SPBEX.COP,10,20170407,182000,49.5600000,49.6800000,49.5600000,49.6800000,13900
SPBEX.COP,10,20170407,183000,49.7000000,49.7900000,49.6900000,49.7000000,10595
SPBEX.COP,10,20170407,184000,49.7100000,49.7300000,49.6200000,49.6400000,14542
SPBEX.COP,10,20170407,185000,49.6500000,49.7400000,49.6100000,49.7100000,8998
SPBEX.COP,10,20170407,190000,49.7200000,49.7300000,49.6600000,49.7000000,5887
SPBEX.COP,10,20170407,191000,49.7000000,49.8000000,49.7000000,49.7800000,5428
SPBEX.COP,10,20170407,192000,49.7800000,49.8000000,49.7400000,49.8000000,8477
SPBEX.COP,10,20170407,193000,49.8100000,49.8700000,49.7800000,49.8500000,7126
SPBEX.COP,10,20170407,194000,49.8500000,49.8600000,49.8400000,49.8500000,9830
SPBEX.COP,10,20170407,195000,49.8500000,49.8800000,49.8000000,49.8600000,8847
SPBEX.COP,10,20170407,200000,49.8600000,49.9200000,49.8500000,49.9000000,8542
SPBEX.COP,10,20170407,201000,49.8900000,49.8900000,49.8300000,49.8500000,10851
SPBEX.COP,10,20170407,202000,49.8500000,49.8600000,49.7800000,49.8300000,10391
SPBEX.COP,10,20170407,203000,49.8300000,49.9600000,49.8200000,49.9600000,9136
SPBEX.COP,10,20170407,204000,49.9600000,49.9900000,49.9000000,49.9000000,9665
SPBEX.COP,10,20170407,205000,49.9000000,49.9300000,49.8700000,49.9100000,4643
SPBEX.COP,10,20170407,210000,49.9100000,49.9200000,49.8400000,49.8500000,5165
SPBEX.COP,10,20170407,211000,49.8500000,49.8900000,49.7600000,49.7600000,9666
SPBEX.COP,10,20170407,212000,49.7700000,49.7800000,49.6900000,49.7000000,6831
SPBEX.COP,10,20170407,213000,49.6900000,49.7800000,49.6600000,49.6600000,10281
SPBEX.COP,10,20170407,214000,49.6600000,49.7100000,49.6300000,49.7000000,10876
SPBEX.COP,10,20170407,215000,49.7000000,49.7200000,49.6400000,49.6400000,11876
SPBEX.COP,10,20170407,220000,49.6400000,49.6500000,49.5500000,49.5500000,7912
SPBEX.COP,10,20170407,221000,49.5400000,49.5800000,49.5000000,49.5100000,7991
SPBEX.COP,10,20170407,222000,49.5200000,49.5500000,49.4800000,49.5100000,9201
SPBEX.COP,10,20170407,223000,49.5100000,49.5200000,49.4200000,49.4200000,17392
SPBEX.COP,10,20170407,224000,49.4200000,49.4400000,49.3800000,49.4100000,17970
SPBEX.COP,10,20170407,225000,49.4200000,49.4800000,49.4000000,49.4800000,25861
SPBEX.COP,10,20170407,230000,49.4800000,49.5500000,49.4600000,49.5300000,50438
SPBEX.COP,10,20170407,231000,49.5500000,49.5500000,49.5500000,49.5500000,228
SPBEX.COP,10,20170408,000000,49.5600000,49.5600000,49.5600000,49.5600000,300
SPBEX.COP,10,20170410,164000,49.8200000,50.0600000,49.7700000,49.8900000,13930
SPBEX.COP,10,20170410,165000,49.9000000,50.0900000,49.8600000,50.0400000,21647
SPBEX.COP,10,20170410,170000,50.0500000,50.1900000,50.0200000,50.1800000,22674
SPBEX.COP,10,20170410,171000,50.1800000,50.2500000,50.1000000,50.2300000,16386
SPBEX.COP,10,20170410,172000,50.2300000,50.2400000,50.0600000,50.0600000,11383
SPBEX.COP,10,20170410,173000,50.0700000,50.1600000,50.0600000,50.1100000,11001
SPBEX.COP,10,20170410,174000,50.1000000,50.2800000,50.0900000,50.2700000,12665
SPBEX.COP,10,20170410,175000,50.2600000,50.3000000,50.2200000,50.2300000,9281
SPBEX.COP,10,20170410,180000,50.2400000,50.2800000,50.2000000,50.2600000,10355
SPBEX.COP,10,20170410,181000,50.2400000,50.2800000,50.1600000,50.1700000,10924
SPBEX.COP,10,20170410,182000,50.1500000,50.2900000,50.1400000,50.2800000,7890
SPBEX.COP,10,20170410,183000,50.2800000,50.3600000,50.2700000,50.3400000,15475
SPBEX.COP,10,20170410,184000,50.3400000,50.3400000,50.1200000,50.1600000,19179
SPBEX.COP,10,20170410,185000,50.1700000,50.2600000,50.1000000,50.2400000,8710
SPBEX.COP,10,20170410,190000,50.2400000,50.2500000,50.1800000,50.2500000,4626
SPBEX.COP,10,20170410,191000,50.2600000,50.2600000,50.1400000,50.1800000,7595
SPBEX.COP,10,20170410,192000,50.1700000,50.1700000,50.0200000,50.1100000,9553
SPBEX.COP,10,20170410,193000,50.1100000,50.1200000,50.0600000,50.0900000,6137
SPBEX.COP,10,20170410,194000,50.1000000,50.2500000,50.1000000,50.1800000,7407
SPBEX.COP,10,20170410,195000,50.1900000,50.2500000,50.1800000,50.2400000,5860
SPBEX.COP,10,20170410,200000,50.2500000,50.3200000,50.2500000,50.3000000,6957
SPBEX.COP,10,20170410,201000,50.3000000,50.3400000,50.2900000,50.2900000,8393
SPBEX.COP,10,20170410,202000,50.2900000,50.3400000,50.2800000,50.3100000,5851
SPBEX.COP,10,20170410,203000,50.3100000,50.3600000,50.3100000,50.3400000,7540
SPBEX.COP,10,20170410,204000,50.3400000,50.3600000,50.3100000,50.3500000,8755
SPBEX.COP,10,20170410,205000,50.3400000,50.3500000,50.3100000,50.3200000,6054
SPBEX.COP,10,20170410,210000,50.3100000,50.3100000,50.2500000,50.2500000,7114
SPBEX.COP,10,20170410,211000,50.2500000,50.2600000,50.2000000,50.2600000,12937
SPBEX.COP,10,20170410,212000,50.2500000,50.3000000,50.2400000,50.2900000,11599
SPBEX.COP,10,20170410,213000,50.3000000,50.3900000,50.3000000,50.3600000,10753
SPBEX.COP,10,20170410,214000,50.3500000,50.3800000,50.3400000,50.3500000,12757
SPBEX.COP,10,20170410,215000,50.3500000,50.4700000,50.3400000,50.4100000,18168
SPBEX.COP,10,20170410,220000,50.4200000,50.4400000,50.3800000,50.4200000,14976
SPBEX.COP,10,20170410,221000,50.4300000,50.4600000,50.4000000,50.4100000,17146
SPBEX.COP,10,20170410,222000,50.4200000,50.4200000,50.3500000,50.3600000,24875
SPBEX.COP,10,20170410,223000,50.3500000,50.3500000,50.2600000,50.3200000,15445
SPBEX.COP,10,20170410,224000,50.3200000,50.3800000,50.2800000,50.3700000,17579
SPBEX.COP,10,20170410,225000,50.3600000,50.3600000,50.2800000,50.2800000,27087
SPBEX.COP,10,20170410,230000,50.2900000,50.3000000,50.1500000,50.1600000,32856
SPBEX.COP,10,20170410,231000,50.1500000,50.1500000,50.1500000,50.1500000,426
SPBEX.COP,10,20170411,164000,50.1300000,50.1800000,50.0400000,50.1400000,49480
SPBEX.COP,10,20170411,165000,50.1400000,50.1400000,49.8500000,49.8600000,56250
SPBEX.COP,10,20170411,170000,49.8500000,49.9400000,49.7800000,49.9300000,29934
SPBEX.COP,10,20170411,171000,49.9400000,50.0200000,49.8800000,49.9600000,66895
SPBEX.COP,10,20170411,172000,49.9600000,49.9600000,49.6900000,49.8700000,20387
SPBEX.COP,10,20170411,173000,49.8600000,49.9300000,49.7600000,49.8900000,16462
SPBEX.COP,10,20170411,174000,49.8800000,49.8900000,49.7200000,49.7900000,33473
SPBEX.COP,10,20170411,175000,49.7900000,49.8200000,49.6100000,49.6300000,33995
SPBEX.COP,10,20170411,180000,49.6300000,49.7800000,49.5700000,49.7400000,46566
SPBEX.COP,10,20170411,181000,49.7500000,49.8600000,49.6700000,49.7400000,27030
SPBEX.COP,10,20170411,182000,49.7400000,49.8000000,49.6500000,49.7700000,23022
SPBEX.COP,10,20170411,183000,49.7700000,49.8600000,49.7100000,49.8000000,13747
SPBEX.COP,10,20170411,184000,49.8100000,49.8700000,49.7700000,49.8000000,23650
SPBEX.COP,10,20170411,185000,49.8100000,49.8500000,49.7800000,49.8000000,25069
SPBEX.COP,10,20170411,190000,49.8000000,49.8300000,49.7600000,49.8200000,14719
SPBEX.COP,10,20170411,191000,49.8300000,49.8500000,49.7700000,49.8300000,14424
SPBEX.COP,10,20170411,192000,49.8400000,50.0000000,49.8400000,50.0000000,21832
SPBEX.COP,10,20170411,193000,49.9900000,50.2000000,49.8800000,50.1700000,99349
SPBEX.COP,10,20170411,194000,50.1900000,50.2400000,50.0800000,50.1200000,28422
SPBEX.COP,10,20170411,195000,50.1400000,50.1400000,49.9300000,49.9600000,41071
SPBEX.COP,10,20170411,200000,49.9500000,50.0200000,49.9400000,49.9800000,32001
SPBEX.COP,10,20170411,201000,50.0000000,50.2000000,49.9900000,50.0900000,24983
SPBEX.COP,10,20170411,202000,50.1000000,50.1800000,50.0500000,50.0500000,14833
SPBEX.COP,10,20170411,203000,50.0300000,50.0800000,49.9600000,50.0000000,27493
SPBEX.COP,10,20170411,204000,50.0000000,50.0900000,49.9800000,50.0900000,14778
SPBEX.COP,10,20170411,205000,50.0900000,50.1000000,49.9200000,49.9200000,8600
SPBEX.COP,10,20170411,210000,49.9300000,50.0100000,49.9300000,50.0000000,13223
SPBEX.COP,10,20170411,211000,50.0000000,50.0700000,50.0000000,50.0700000,16474
SPBEX.COP,10,20170411,212000,50.0600000,50.0600000,49.8900000,49.9600000,25218
SPBEX.COP,10,20170411,213000,49.9600000,50.0500000,49.9600000,50.0400000,16545
SPBEX.COP,10,20170411,214000,50.0500000,50.0600000,49.9800000,50.0100000,35848
SPBEX.COP,10,20170411,215000,50.0100000,50.0200000,49.9800000,49.9800000,22605
SPBEX.COP,10,20170411,220000,49.9900000,50.1200000,49.9800000,50.1200000,17700
SPBEX.COP,10,20170411,221000,50.1200000,50.1700000,50.0300000,50.0500000,19734
SPBEX.COP,10,20170411,222000,50.0400000,50.0400000,49.9000000,49.9000000,21989
SPBEX.COP,10,20170411,223000,49.8900000,49.9000000,49.8800000,49.9000000,34026
SPBEX.COP,10,20170411,224000,49.8900000,50.0000000,49.8900000,50.0000000,56084
SPBEX.COP,10,20170411,225000,50.0000000,50.0700000,49.9800000,50.0700000,46772
SPBEX.COP,10,20170411,230000,50.0800000,50.1700000,50.0500000,50.1500000,78838
SPBEX.COP,10,20170412,194000,49.6500000,49.6500000,49.6500000,49.6500000,4
SPBEX.COP,10,20170412,203000,49.6000000,49.6100000,49.5900000,49.6000000,3114
SPBEX.COP,10,20170413,163000,49.6000000,49.6000000,49.6000000,49.6000000,1
SPBEX.COP,10,20170413,164000,49.6000000,49.7700000,49.5300000,49.6400000,42711
SPBEX.COP,10,20170413,165000,49.6400000,49.6600000,49.3400000,49.3500000,39376
SPBEX.COP,10,20170413,170000,49.3400000,49.4900000,49.2800000,49.4800000,26732
SPBEX.COP,10,20170413,171000,49.4800000,49.6100000,49.4100000,49.5500000,35151
SPBEX.COP,10,20170413,172000,49.5500000,49.5600000,49.4600000,49.4800000,34038
SPBEX.COP,10,20170413,173000,49.4800000,49.5200000,49.3800000,49.4400000,30559
SPBEX.COP,10,20170413,174000,49.4400000,49.5400000,49.4400000,49.4600000,27277
SPBEX.COP,10,20170413,175000,49.4600000,49.5400000,49.4500000,49.4900000,23889
SPBEX.COP,10,20170413,180000,49.4800000,49.6100000,49.4600000,49.4600000,40583
SPBEX.COP,10,20170413,181000,49.4700000,49.6600000,49.4700000,49.6100000,35573
SPBEX.COP,10,20170413,182000,49.6100000,49.6800000,49.5300000,49.5700000,24365
SPBEX.COP,10,20170413,183000,49.5600000,49.6300000,49.5500000,49.5900000,22260
SPBEX.COP,10,20170413,184000,49.5900000,49.6300000,49.5600000,49.5800000,30207
SPBEX.COP,10,20170413,185000,49.5800000,49.5900000,49.4900000,49.4900000,32352
SPBEX.COP,10,20170413,190000,49.4900000,49.5000000,49.4600000,49.4900000,24613
SPBEX.COP,10,20170413,191000,49.4900000,49.4900000,49.2900000,49.2900000,24255
SPBEX.COP,10,20170413,192000,49.2800000,49.3100000,49.2500000,49.2600000,31207
SPBEX.COP,10,20170413,193000,49.2600000,49.2800000,49.1800000,49.2700000,26563
SPBEX.COP,10,20170413,194000,49.2700000,49.3400000,49.2200000,49.3200000,36748
SPBEX.COP,10,20170413,195000,49.3200000,49.3400000,49.2100000,49.2700000,22025
SPBEX.COP,10,20170413,200000,49.2800000,49.3200000,49.2400000,49.2800000,18126
SPBEX.COP,10,20170413,201000,49.2900000,49.2900000,49.1400000,49.1500000,26390
SPBEX.COP,10,20170413,202000,49.1500000,49.1800000,49.0900000,49.1300000,28292
SPBEX.COP,10,20170413,203000,49.1200000,49.1400000,49.0800000,49.1300000,28981
SPBEX.COP,10,20170413,204000,49.1200000,49.1600000,49.0900000,49.1400000,33580
SPBEX.COP,10,20170413,205000,49.1400000,49.2000000,49.0400000,49.0400000,24858
SPBEX.COP,10,20170413,210000,49.0300000,49.0700000,48.9800000,49.0100000,16970
SPBEX.COP,10,20170413,211000,49.0100000,49.0800000,48.9700000,49.0600000,24279
SPBEX.COP,10,20170413,212000,49.0600000,49.0600000,48.9900000,49.0000000,22712
SPBEX.COP,10,20170413,213000,49.0000000,49.0900000,48.9800000,49.0600000,30583
SPBEX.COP,10,20170413,214000,49.0500000,49.1000000,48.9700000,48.9700000,21178
SPBEX.COP,10,20170413,215000,48.9800000,49.0300000,48.9700000,48.9800000,31284
SPBEX.COP,10,20170413,220000,48.9800000,49.0100000,48.9500000,48.9900000,23223
SPBEX.COP,10,20170413,221000,48.9800000,48.9800000,48.8900000,48.8900000,22559
SPBEX.COP,10,20170413,222000,48.8900000,48.9100000,48.7900000,48.8100000,33701
SPBEX.COP,10,20170413,223000,48.8100000,48.8800000,48.7600000,48.7600000,33467
SPBEX.COP,10,20170413,224000,48.7600000,48.8300000,48.5500000,48.5600000,74770
SPBEX.COP,10,20170413,225000,48.5400000,48.7700000,48.5400000,48.7600000,79111
SPBEX.COP,10,20170413,230000,48.7600000,48.7700000,48.6200000,48.6300000,123860
SPBEX.COP,10,20170413,231000,48.6500000,48.6500000,48.6500000,48.6500000,600
SPBEX.COP,10,20170413,233000,48.6100000,48.6100000,48.6100000,48.6100000,50
SPBEX.COP,10,20170417,164000,48.6700000,48.7400000,48.5200000,48.5500000,29179
SPBEX.COP,10,20170417,165000,48.5500000,48.5700000,48.4600000,48.4800000,44832
SPBEX.COP,10,20170417,170000,48.4800000,48.6500000,48.4800000,48.6500000,30741
SPBEX.COP,10,20170417,171000,48.6600000,48.9100000,48.6400000,48.9000000,41905
SPBEX.COP,10,20170417,172000,48.8900000,48.8900000,48.7700000,48.8300000,21186
SPBEX.COP,10,20170417,173000,48.7900000,48.7900000,48.6500000,48.7100000,21699
SPBEX.COP,10,20170417,174000,48.7100000,48.7500000,48.7000000,48.7300000,9206
SPBEX.COP,10,20170417,175000,48.7300000,48.7300000,48.5800000,48.6200000,13686
SPBEX.COP,10,20170417,180000,48.6200000,48.7600000,48.6100000,48.7500000,23128
SPBEX.COP,10,20170417,181000,48.7700000,48.8100000,48.6900000,48.7400000,17852
SPBEX.COP,10,20170417,182000,48.7400000,48.9400000,48.7300000,48.9400000,21243
SPBEX.COP,10,20170417,183000,48.9500000,49.0100000,48.8500000,48.9800000,30505
SPBEX.COP,10,20170417,184000,48.9900000,48.9900000,48.8400000,48.8500000,28460
SPBEX.COP,10,20170417,185000,48.8600000,48.9300000,48.8200000,48.8500000,19454
SPBEX.COP,10,20170417,190000,48.8600000,48.9200000,48.8400000,48.8700000,16395
SPBEX.COP,10,20170417,191000,48.8600000,48.9000000,48.7700000,48.7800000,28850
SPBEX.COP,10,20170417,192000,48.8000000,48.8400000,48.7900000,48.8400000,5263
SPBEX.COP,10,20170417,193000,48.8300000,48.8900000,48.8000000,48.8000000,9039
SPBEX.COP,10,20170417,194000,48.7900000,48.8400000,48.7700000,48.7800000,12650
SPBEX.COP,10,20170417,195000,48.7700000,48.8500000,48.7700000,48.8300000,10763
SPBEX.COP,10,20170417,200000,48.8300000,48.8600000,48.8100000,48.8300000,6344
SPBEX.COP,10,20170417,201000,48.8400000,48.8900000,48.8400000,48.8900000,10313
SPBEX.COP,10,20170417,202000,48.8900000,48.9500000,48.8400000,48.8400000,10955
SPBEX.COP,10,20170417,203000,48.8300000,48.8700000,48.8200000,48.8600000,5545
SPBEX.COP,10,20170417,204000,48.8700000,48.9200000,48.8400000,48.9200000,18853
SPBEX.COP,10,20170417,205000,48.9300000,48.9600000,48.8400000,48.8700000,16507
SPBEX.COP,10,20170417,210000,48.8800000,48.9100000,48.8500000,48.8600000,8293
SPBEX.COP,10,20170417,211000,48.8700000,48.9400000,48.8600000,48.8800000,9202
SPBEX.COP,10,20170417,212000,48.8800000,48.9400000,48.8500000,48.8500000,11781
SPBEX.COP,10,20170417,213000,48.8600000,48.8800000,48.7800000,48.8000000,9684
SPBEX.COP,10,20170417,214000,48.7900000,48.8400000,48.7900000,48.8200000,17583
SPBEX.COP,10,20170417,215000,48.8100000,48.8100000,48.6900000,48.7300000,27946
SPBEX.COP,10,20170417,220000,48.7300000,48.7500000,48.6800000,48.7000000,16933
SPBEX.COP,10,20170417,221000,48.6900000,48.7600000,48.6900000,48.7200000,14058
SPBEX.COP,10,20170417,222000,48.7300000,48.8400000,48.7000000,48.8400000,23675
SPBEX.COP,10,20170417,223000,48.8300000,48.9100000,48.8200000,48.8900000,30283
SPBEX.COP,10,20170417,224000,48.8800000,48.9000000,48.8200000,48.8600000,32447
SPBEX.COP,10,20170417,225000,48.8700000,48.9400000,48.8400000,48.9000000,38156
SPBEX.COP,10,20170417,230000,48.9100000,48.9700000,48.9000000,48.9600000,59635
SPBEX.COP,10,20170418,155000,48.8100000,48.8100000,48.8100000,48.8100000,10
SPBEX.COP,10,20170418,163000,48.6100000,48.6100000,48.6100000,48.6100000,100
SPBEX.COP,10,20170418,164000,48.6100000,48.7500000,48.5600000,48.6900000,28282
SPBEX.COP,10,20170418,165000,48.7000000,48.8400000,48.6400000,48.8300000,42499
SPBEX.COP,10,20170418,170000,48.8200000,49.0200000,48.7600000,49.0100000,32717
SPBEX.COP,10,20170418,171000,49.0300000,49.1900000,49.0000000,49.1500000,44921
SPBEX.COP,10,20170418,172000,49.1400000,49.2600000,49.1000000,49.1100000,52950
SPBEX.COP,10,20170418,173000,49.1100000,49.2400000,49.1000000,49.1100000,56186
SPBEX.COP,10,20170418,174000,49.1000000,49.1300000,48.9700000,49.0400000,58071
SPBEX.COP,10,20170418,175000,49.0200000,49.1200000,48.9600000,49.0900000,33060
SPBEX.COP,10,20170418,180000,49.0900000,49.0900000,49.0100000,49.0400000,14052
SPBEX.COP,10,20170418,181000,49.0900000,49.1100000,48.9900000,49.0600000,23838
SPBEX.COP,10,20170418,182000,49.0600000,49.1300000,49.0200000,49.0200000,16048
SPBEX.COP,10,20170418,183000,49.0200000,49.0200000,48.9200000,48.9500000,15324
SPBEX.COP,10,20170418,184000,48.9500000,48.9500000,48.6800000,48.6900000,42628
SPBEX.COP,10,20170418,185000,48.6700000,48.6700000,48.5500000,48.6200000,15166
SPBEX.COP,10,20170418,190000,48.6300000,48.6300000,48.5100000,48.5400000,29863
SPBEX.COP,10,20170418,191000,48.5300000,48.6200000,48.4300000,48.5800000,32806
SPBEX.COP,10,20170418,192000,48.5900000,48.6000000,48.5200000,48.5300000,12310
SPBEX.COP,10,20170418,193000,48.5300000,48.6300000,48.5200000,48.5800000,25456
SPBEX.COP,10,20170418,194000,48.5700000,48.6100000,48.5400000,48.5800000,11245
SPBEX.COP,10,20170418,195000,48.5800000,48.6600000,48.5600000,48.6000000,10647
SPBEX.COP,10,20170418,200000,48.6000000,48.6600000,48.6000000,48.6100000,9144
SPBEX.COP,10,20170418,201000,48.6100000,48.6500000,48.5700000,48.5800000,8051
SPBEX.COP,10,20170418,202000,48.5900000,48.6700000,48.5800000,48.6700000,7873
SPBEX.COP,10,20170418,203000,48.6600000,48.7000000,48.6300000,48.7000000,9509
SPBEX.COP,10,20170418,204000,48.7000000,48.9200000,48.6900000,48.9000000,11980
SPBEX.COP,10,20170418,205000,48.9000000,48.9500000,48.8800000,48.9500000,13951
SPBEX.COP,10,20170418,210000,48.9600000,48.9600000,48.8800000,48.8900000,7831
SPBEX.COP,10,20170418,211000,48.9100000,49.0100000,48.8900000,48.9900000,15415
SPBEX.COP,10,20170418,212000,48.9900000,49.0200000,48.9300000,48.9600000,15425
SPBEX.COP,10,20170418,213000,48.9600000,48.9600000,48.8600000,48.9100000,14487
SPBEX.COP,10,20170418,214000,48.9100000,48.9600000,48.9100000,48.9200000,16224
SPBEX.COP,10,20170418,215000,48.9200000,48.9200000,48.8600000,48.9100000,21078
SPBEX.COP,10,20170418,220000,48.9300000,48.9400000,48.8000000,48.8000000,15770
SPBEX.COP,10,20170418,221000,48.8000000,48.8200000,48.7000000,48.7800000,19207
SPBEX.COP,10,20170418,222000,48.7900000,48.8200000,48.7500000,48.8200000,18484
SPBEX.COP,10,20170418,223000,48.8200000,48.8700000,48.7700000,48.7800000,25072
SPBEX.COP,10,20170418,224000,48.7800000,48.8400000,48.7800000,48.8100000,36767
SPBEX.COP,10,20170418,225000,48.8200000,48.8700000,48.7900000,48.8200000,40473
SPBEX.COP,10,20170418,230000,48.8100000,48.8200000,48.6800000,48.6900000,77378
SPBEX.COP,10,20170418,231000,48.6900000,48.6900000,48.6900000,48.6900000,226
SPBEX.COP,10,20170419,164000,48.7600000,49.0700000,48.7200000,48.9500000,29963
SPBEX.COP,10,20170419,165000,48.9700000,49.0400000,48.8100000,48.8900000,29741
SPBEX.COP,10,20170419,170000,48.8700000,49.0100000,48.8600000,49.0100000,40001
SPBEX.COP,10,20170419,171000,49.0100000,49.0100000,48.8200000,48.8300000,17999
SPBEX.COP,10,20170419,172000,48.8300000,48.8300000,48.7400000,48.7700000,11888
SPBEX.COP,10,20170419,173000,48.7800000,48.8000000,48.7000000,48.7600000,15244
SPBEX.COP,10,20170419,174000,48.7700000,48.8600000,48.6000000,48.6600000,57452
SPBEX.COP,10,20170419,175000,48.6600000,48.6700000,48.3300000,48.3300000,17161
SPBEX.COP,10,20170419,180000,48.3300000,48.4400000,48.3200000,48.3900000,11321
SPBEX.COP,10,20170419,181000,48.3700000,48.5800000,48.3700000,48.5500000,16555
SPBEX.COP,10,20170419,182000,48.5400000,48.5400000,48.3800000,48.3800000,8811
SPBEX.COP,10,20170419,183000,48.4000000,48.4500000,48.3600000,48.4300000,10650
SPBEX.COP,10,20170419,184000,48.4000000,48.4600000,48.3000000,48.3000000,24861
SPBEX.COP,10,20170419,185000,48.2900000,48.3100000,48.2500000,48.2500000,14224
SPBEX.COP,10,20170419,190000,48.2600000,48.2600000,48.0400000,48.1000000,16366
SPBEX.COP,10,20170419,191000,48.1000000,48.1500000,47.9800000,48.0000000,21448
SPBEX.COP,10,20170419,192000,48.0000000,48.1800000,48.0000000,48.1000000,24668
SPBEX.COP,10,20170419,193000,48.1100000,48.2000000,48.0800000,48.1700000,12975
SPBEX.COP,10,20170419,194000,48.1700000,48.2800000,48.1600000,48.2600000,9059
SPBEX.COP,10,20170419,195000,48.2500000,48.2900000,48.2000000,48.2100000,10915
SPBEX.COP,10,20170419,200000,48.2000000,48.3400000,48.2000000,48.3300000,13267
SPBEX.COP,10,20170419,201000,48.3400000,48.3800000,48.2500000,48.2600000,26083
SPBEX.COP,10,20170419,202000,48.2600000,48.2600000,48.1500000,48.1700000,20528
SPBEX.COP,10,20170419,203000,48.1600000,48.2600000,48.1600000,48.2100000,11040
SPBEX.COP,10,20170419,204000,48.2100000,48.2500000,48.1500000,48.1700000,10435
SPBEX.COP,10,20170419,205000,48.1800000,48.2000000,48.1300000,48.1500000,11391
SPBEX.COP,10,20170419,210000,48.1500000,48.2000000,48.0600000,48.1000000,13154
SPBEX.COP,10,20170419,211000,48.1000000,48.1300000,47.9000000,47.9500000,48105
SPBEX.COP,10,20170419,212000,47.9300000,47.9800000,47.8900000,47.9400000,15937
SPBEX.COP,10,20170419,213000,47.9500000,48.0900000,47.9000000,48.0900000,30414
SPBEX.COP,10,20170419,214000,48.0900000,48.1400000,48.0800000,48.1400000,18939
SPBEX.COP,10,20170419,215000,48.1500000,48.1700000,47.9400000,47.9400000,15895
SPBEX.COP,10,20170419,220000,47.9500000,47.9500000,47.8500000,47.9400000,13131
SPBEX.COP,10,20170419,221000,47.9400000,48.0400000,47.9000000,48.0300000,18948
SPBEX.COP,10,20170419,222000,48.0200000,48.2200000,48.0200000,48.2200000,23957
SPBEX.COP,10,20170419,223000,48.2200000,48.2200000,48.0700000,48.0800000,21443
SPBEX.COP,10,20170419,224000,48.0800000,48.1000000,48.0200000,48.0200000,44064
SPBEX.COP,10,20170419,225000,48.0200000,48.0200000,47.8200000,47.9000000,40880
SPBEX.COP,10,20170419,230000,47.9000000,48.0200000,47.8600000,48.0000000,61780
SPBEX.COP,10,20170420,164000,48.0100000,48.1200000,47.9000000,48.1000000,17794
SPBEX.COP,10,20170420,165000,48.1000000,48.2200000,48.0600000,48.1900000,37509
SPBEX.COP,10,20170420,170000,48.1900000,48.4200000,48.1800000,48.3900000,36943
SPBEX.COP,10,20170420,171000,48.4000000,48.5900000,48.3300000,48.5900000,23077
SPBEX.COP,10,20170420,172000,48.6000000,48.6700000,48.5300000,48.5400000,27549
SPBEX.COP,10,20170420,173000,48.5400000,48.6500000,48.4800000,48.4800000,12636
SPBEX.COP,10,20170420,174000,48.4300000,48.5100000,48.4000000,48.4800000,24096
SPBEX.COP,10,20170420,175000,48.4500000,48.4900000,48.4000000,48.4700000,11961
SPBEX.COP,10,20170420,180000,48.4600000,48.5400000,48.4300000,48.4600000,11139
SPBEX.COP,10,20170420,181000,48.4700000,48.4800000,48.2600000,48.2900000,14136
SPBEX.COP,10,20170420,182000,48.3000000,48.3100000,48.1800000,48.2100000,18619
SPBEX.COP,10,20170420,183000,48.2100000,48.4100000,48.2100000,48.4100000,15906
SPBEX.COP,10,20170420,184000,48.4100000,48.5700000,48.4000000,48.5300000,25681
SPBEX.COP,10,20170420,185000,48.5200000,48.6300000,48.4700000,48.5900000,19101
SPBEX.COP,10,20170420,190000,48.5900000,48.6100000,48.5300000,48.5800000,14214
SPBEX.COP,10,20170420,191000,48.5800000,48.6600000,48.5700000,48.6300000,14112
SPBEX.COP,10,20170420,192000,48.6400000,48.6600000,48.5700000,48.5700000,8921
SPBEX.COP,10,20170420,193000,48.5900000,48.6300000,48.5600000,48.6000000,12924
SPBEX.COP,10,20170420,194000,48.6000000,48.6400000,48.5500000,48.5700000,14219
SPBEX.COP,10,20170420,195000,48.5800000,48.6200000,48.5800000,48.5800000,10523
SPBEX.COP,10,20170420,200000,48.5700000,48.6200000,48.5300000,48.5600000,23461
SPBEX.COP,10,20170420,201000,48.5700000,48.5900000,48.5000000,48.5000000,17576
SPBEX.COP,10,20170420,202000,48.4800000,48.5000000,48.4300000,48.4600000,8233
SPBEX.COP,10,20170420,203000,48.4600000,48.5800000,48.4200000,48.5600000,15635
SPBEX.COP,10,20170420,204000,48.5500000,48.5700000,48.4900000,48.4900000,15715
SPBEX.COP,10,20170420,205000,48.4900000,48.5000000,48.3900000,48.4100000,23197
SPBEX.COP,10,20170420,210000,48.4200000,48.4900000,48.3900000,48.4600000,44540
SPBEX.COP,10,20170420,211000,48.4600000,48.4700000,48.4100000,48.4100000,12414
SPBEX.COP,10,20170420,212000,48.4100000,48.4700000,48.3900000,48.3900000,13165
SPBEX.COP,10,20170420,213000,48.3800000,48.4300000,48.3600000,48.3800000,13339
SPBEX.COP,10,20170420,214000,48.3700000,48.4000000,48.3000000,48.3600000,19715
SPBEX.COP,10,20170420,215000,48.3500000,48.3800000,48.3000000,48.3200000,20036
SPBEX.COP,10,20170420,220000,48.3200000,48.3400000,48.2400000,48.2400000,12584
SPBEX.COP,10,20170420,221000,48.2400000,48.2500000,48.1300000,48.1600000,21520
SPBEX.COP,10,20170420,222000,48.1600000,48.2000000,48.1200000,48.1200000,22685
SPBEX.COP,10,20170420,223000,48.1200000,48.1200000,48.0000000,48.0300000,44498
SPBEX.COP,10,20170420,224000,48.0400000,48.1400000,48.0400000,48.0800000,27421
SPBEX.COP,10,20170420,225000,48.0900000,48.1100000,48.0100000,48.0400000,47894
SPBEX.COP,10,20170420,230000,48.0500000,48.0800000,47.9300000,47.9500000,49689
SPBEX.COP,10,20170420,232000,47.9600000,47.9600000,47.9600000,47.9600000,200
SPBEX.COP,10,20170421,163000,47.8600000,47.8600000,47.8600000,47.8600000,33
SPBEX.COP,10,20170421,164000,47.8600000,48.0200000,47.8400000,47.9400000,12313
SPBEX.COP,10,20170421,165000,47.9300000,48.0900000,47.8700000,47.8800000,16861
SPBEX.COP,10,20170421,170000,47.8700000,47.8800000,47.7700000,47.7800000,12932
SPBEX.COP,10,20170421,171000,47.7700000,47.8200000,47.7000000,47.7600000,18753
SPBEX.COP,10,20170421,172000,47.7300000,47.7300000,47.6000000,47.7000000,24125
SPBEX.COP,10,20170421,173000,47.6900000,47.8500000,47.6900000,47.7400000,22512
SPBEX.COP,10,20170421,174000,47.7400000,47.8200000,47.6800000,47.7000000,14342
SPBEX.COP,10,20170421,175000,47.7100000,47.7900000,47.6400000,47.7100000,20979
SPBEX.COP,10,20170421,180000,47.7100000,47.7400000,47.5200000,47.5700000,26629
SPBEX.COP,10,20170421,181000,47.5800000,47.5800000,47.4300000,47.4600000,33706
SPBEX.COP,10,20170421,182000,47.4600000,47.4700000,47.3100000,47.4200000,31693
SPBEX.COP,10,20170421,183000,47.4100000,47.6200000,47.4100000,47.6100000,28231
SPBEX.COP,10,20170421,184000,47.5900000,47.6200000,47.5200000,47.6100000,15840
SPBEX.COP,10,20170421,185000,47.6300000,47.8900000,47.6000000,47.8300000,27162
SPBEX.COP,10,20170421,190000,47.8300000,47.9500000,47.8000000,47.8200000,18345
SPBEX.COP,10,20170421,191000,47.8100000,47.8100000,47.6500000,47.7100000,13035
SPBEX.COP,10,20170421,192000,47.7000000,47.7900000,47.6800000,47.7800000,12587
SPBEX.COP,10,20170421,193000,47.7900000,47.8300000,47.7100000,47.7100000,15162
SPBEX.COP,10,20170421,194000,47.7000000,47.7500000,47.6700000,47.7200000,11841
SPBEX.COP,10,20170421,195000,47.7200000,47.8600000,47.7200000,47.8600000,11294
SPBEX.COP,10,20170421,200000,47.8500000,47.8800000,47.7900000,47.8000000,9263
SPBEX.COP,10,20170421,201000,47.7700000,47.8200000,47.7200000,47.7200000,15462
SPBEX.COP,10,20170421,202000,47.7100000,47.7100000,47.5600000,47.6900000,23564
SPBEX.COP,10,20170421,203000,47.6900000,47.8200000,47.6800000,47.8000000,10922
SPBEX.COP,10,20170421,204000,47.7800000,47.8000000,47.7300000,47.7600000,4957
SPBEX.COP,10,20170421,205000,47.7500000,47.8100000,47.7300000,47.8000000,5771
SPBEX.COP,10,20170421,210000,47.8100000,48.0300000,47.8100000,47.9900000,13524
SPBEX.COP,10,20170421,211000,47.9900000,48.0000000,47.9000000,47.9200000,10956
SPBEX.COP,10,20170421,212000,47.9300000,47.9900000,47.9200000,47.9900000,6846
SPBEX.COP,10,20170421,213000,47.9800000,48.1200000,47.9800000,48.0700000,11554
SPBEX.COP,10,20170421,214000,48.0800000,48.0800000,47.9900000,48.0400000,12448
SPBEX.COP,10,20170421,215000,48.0400000,48.0500000,47.9000000,47.9000000,10145
SPBEX.COP,10,20170421,220000,47.8900000,47.9300000,47.8400000,47.8900000,19553
SPBEX.COP,10,20170421,221000,47.9000000,47.9200000,47.7700000,47.8400000,15063
SPBEX.COP,10,20170421,222000,47.8400000,47.9200000,47.8200000,47.8500000,20413
SPBEX.COP,10,20170421,223000,47.8500000,47.9800000,47.8300000,47.9600000,19302
SPBEX.COP,10,20170421,224000,47.9400000,47.9400000,47.8200000,47.9000000,30328
SPBEX.COP,10,20170421,225000,47.9000000,47.9300000,47.8400000,47.9100000,34496
SPBEX.COP,10,20170421,230000,47.8900000,47.9300000,47.7400000,47.7600000,61580
SPBEX.COP,10,20170421,232000,47.7500000,47.7500000,47.7500000,47.7500000,200
SPBEX.COP,10,20170421,233000,47.7800000,47.7800000,47.7800000,47.7800000,200
SPBEX.COP,10,20170424,152000,48.4100000,48.4100000,48.4100000,48.4100000,100
SPBEX.COP,10,20170424,153000,48.3900000,48.4100000,48.3900000,48.4100000,250
SPBEX.COP,10,20170424,160000,48.3000000,48.3000000,48.2900000,48.2900000,100
SPBEX.COP,10,20170424,161000,48.2900000,48.2900000,48.2900000,48.2900000,35
SPBEX.COP,10,20170424,163000,47.7700000,47.7700000,47.7600000,47.7600000,300
SPBEX.COP,10,20170424,164000,48.0100000,48.1700000,47.8400000,47.8500000,23141
SPBEX.COP,10,20170424,165000,47.8500000,47.9000000,47.7900000,47.8500000,22787
SPBEX.COP,10,20170424,170000,47.8500000,47.9900000,47.8200000,47.8700000,18800
SPBEX.COP,10,20170424,171000,47.8600000,48.0400000,47.8300000,47.9800000,20009
SPBEX.COP,10,20170424,172000,47.9700000,48.0400000,47.9300000,48.0400000,25747
SPBEX.COP,10,20170424,173000,48.0400000,48.0800000,47.9600000,47.9900000,20935
SPBEX.COP,10,20170424,174000,48.0000000,48.0400000,47.9700000,47.9700000,13993
SPBEX.COP,10,20170424,175000,47.9500000,47.9500000,47.8200000,47.9000000,17687
SPBEX.COP,10,20170424,180000,47.8900000,47.9800000,47.8400000,47.9300000,24095
SPBEX.COP,10,20170424,181000,47.9200000,47.9700000,47.8500000,47.9700000,17278
SPBEX.COP,10,20170424,182000,47.9700000,47.9900000,47.8400000,47.8400000,21538
SPBEX.COP,10,20170424,183000,47.8400000,47.8600000,47.7800000,47.8200000,18281
SPBEX.COP,10,20170424,184000,47.8200000,47.8700000,47.7200000,47.8700000,12388
SPBEX.COP,10,20170424,185000,47.8800000,47.9000000,47.8200000,47.8400000,12715
SPBEX.COP,10,20170424,190000,47.8400000,47.8700000,47.7800000,47.7800000,11039
SPBEX.COP,10,20170424,191000,47.7900000,47.8900000,47.7800000,47.8700000,9733
SPBEX.COP,10,20170424,192000,47.8700000,47.9900000,47.8700000,47.9700000,10199
SPBEX.COP,10,20170424,193000,47.9700000,48.0200000,47.9700000,48.0100000,9933
SPBEX.COP,10,20170424,194000,48.0100000,48.0300000,47.9600000,48.0000000,8750
SPBEX.COP,10,20170424,195000,47.9900000,48.0400000,47.9800000,48.0300000,10068
SPBEX.COP,10,20170424,200000,48.0400000,48.0600000,48.0100000,48.0500000,11296
SPBEX.COP,10,20170424,201000,48.0400000,48.0900000,48.0400000,48.0600000,19266
SPBEX.COP,10,20170424,202000,48.0600000,48.1200000,48.0400000,48.1200000,15863
SPBEX.COP,10,20170424,203000,48.1100000,48.1100000,48.0600000,48.0900000,12648
SPBEX.COP,10,20170424,204000,48.1000000,48.1100000,48.0400000,48.0700000,16714
SPBEX.COP,10,20170424,205000,48.0700000,48.1100000,48.0500000,48.0700000,11563
SPBEX.COP,10,20170424,210000,48.0700000,48.1000000,48.0400000,48.0700000,12649
SPBEX.COP,10,20170424,211000,48.0800000,48.1500000,48.0600000,48.0600000,32949
SPBEX.COP,10,20170424,212000,48.0700000,48.1400000,48.0300000,48.1200000,28870
SPBEX.COP,10,20170424,213000,48.1300000,48.1300000,48.0300000,48.0400000,21955
SPBEX.COP,10,20170424,214000,48.0500000,48.1000000,48.0500000,48.1000000,18142
SPBEX.COP,10,20170424,215000,48.0900000,48.1000000,47.9800000,48.0000000,18211
SPBEX.COP,10,20170424,220000,48.0100000,48.0400000,47.9900000,47.9900000,18429
SPBEX.COP,10,20170424,221000,47.9900000,48.0000000,47.9100000,48.0000000,24570
SPBEX.COP,10,20170424,222000,48.0000000,48.0400000,47.9600000,48.0000000,22343
SPBEX.COP,10,20170424,223000,48.0100000,48.0200000,47.9100000,47.9600000,34062
SPBEX.COP,10,20170424,224000,47.9600000,47.9800000,47.9200000,47.9700000,21907
SPBEX.COP,10,20170424,225000,47.9700000,48.0000000,47.9300000,47.9800000,53105
SPBEX.COP,10,20170424,230000,47.9800000,47.9800000,47.8800000,47.9100000,60172
SPBEX.COP,10,20170425,164000,47.9900000,48.2000000,47.8400000,48.1700000,18911
SPBEX.COP,10,20170425,165000,48.1600000,48.1800000,48.0000000,48.0600000,43999
SPBEX.COP,10,20170425,170000,48.0500000,48.1900000,48.0400000,48.1900000,22873
SPBEX.COP,10,20170425,171000,48.2000000,48.4000000,48.1600000,48.3900000,41881
SPBEX.COP,10,20170425,172000,48.3800000,48.3800000,48.2500000,48.3600000,24438
SPBEX.COP,10,20170425,173000,48.3700000,48.4200000,48.3300000,48.4100000,27089
SPBEX.COP,10,20170425,174000,48.4200000,48.4400000,48.3800000,48.4200000,24959
SPBEX.COP,10,20170425,175000,48.4200000,48.4800000,48.4000000,48.4600000,26388
SPBEX.COP,10,20170425,180000,48.4600000,48.4800000,48.3600000,48.3600000,22935
SPBEX.COP,10,20170425,181000,48.3500000,48.4200000,48.3500000,48.3800000,33592
SPBEX.COP,10,20170425,182000,48.3800000,48.4800000,48.3700000,48.4300000,25554
SPBEX.COP,10,20170425,183000,48.4300000,48.5400000,48.4300000,48.4500000,28587
SPBEX.COP,10,20170425,184000,48.4600000,48.5300000,48.4400000,48.5200000,53755
SPBEX.COP,10,20170425,185000,48.5100000,48.6100000,48.4600000,48.6000000,33165
SPBEX.COP,10,20170425,190000,48.6000000,48.6400000,48.5900000,48.6300000,10059
SPBEX.COP,10,20170425,191000,48.6200000,48.6800000,48.6100000,48.6600000,11069
SPBEX.COP,10,20170425,192000,48.6600000,48.6900000,48.6500000,48.6500000,15289
SPBEX.COP,10,20170425,193000,48.6500000,48.6500000,48.5600000,48.5600000,23196
SPBEX.COP,10,20170425,194000,48.5600000,48.5600000,48.4400000,48.4400000,28211
SPBEX.COP,10,20170425,195000,48.4400000,48.5100000,48.3800000,48.5100000,12560
SPBEX.COP,10,20170425,200000,48.5100000,48.5200000,48.4500000,48.4600000,10280
SPBEX.COP,10,20170425,201000,48.4600000,48.5500000,48.4500000,48.5400000,13624
SPBEX.COP,10,20170425,202000,48.5300000,48.6300000,48.5300000,48.6300000,20814
SPBEX.COP,10,20170425,203000,48.6300000,48.6600000,48.5800000,48.6200000,18185
SPBEX.COP,10,20170425,204000,48.6200000,48.6200000,48.5300000,48.5400000,18991
SPBEX.COP,10,20170425,205000,48.5500000,48.6100000,48.5400000,48.6000000,11945
SPBEX.COP,10,20170425,210000,48.6100000,48.6700000,48.6100000,48.6700000,6963
SPBEX.COP,10,20170425,211000,48.6800000,48.7200000,48.6600000,48.7100000,13944
SPBEX.COP,10,20170425,212000,48.7000000,48.7600000,48.6900000,48.7400000,13923
SPBEX.COP,10,20170425,213000,48.7500000,48.7900000,48.7400000,48.7900000,19158
SPBEX.COP,10,20170425,214000,48.7900000,48.8400000,48.7900000,48.8300000,21116
SPBEX.COP,10,20170425,215000,48.8300000,48.8500000,48.7300000,48.7300000,22234
SPBEX.COP,10,20170425,220000,48.7400000,48.7600000,48.6500000,48.6900000,26776
SPBEX.COP,10,20170425,221000,48.6900000,48.8300000,48.6800000,48.8100000,24664
SPBEX.COP,10,20170425,222000,48.8100000,48.8500000,48.7800000,48.8300000,21438
SPBEX.COP,10,20170425,223000,48.8300000,48.8500000,48.7500000,48.7600000,30688
SPBEX.COP,10,20170425,224000,48.7500000,48.7500000,48.6900000,48.7200000,26065
SPBEX.COP,10,20170425,225000,48.7100000,48.8600000,48.7000000,48.8600000,52293
SPBEX.COP,10,20170425,230000,48.8600000,48.8900000,48.7800000,48.7800000,70723
SPBEX.COP,10,20170425,231000,48.8000000,48.8000000,48.8000000,48.8000000,57
SPBEX.COP,10,20170426,164000,48.2700000,48.5600000,48.2400000,48.3900000,25987
SPBEX.COP,10,20170426,165000,48.3700000,48.5200000,48.3700000,48.4200000,31422
SPBEX.COP,10,20170426,170000,48.4300000,48.7900000,48.4000000,48.7500000,48266
SPBEX.COP,10,20170426,171000,48.7600000,48.8500000,48.7000000,48.8400000,18050
SPBEX.COP,10,20170426,172000,48.8600000,48.9600000,48.7600000,48.8600000,18236
SPBEX.COP,10,20170426,173000,48.8600000,49.0000000,48.8200000,48.9200000,19504
SPBEX.COP,10,20170426,174000,48.9600000,49.4600000,48.9600000,49.3600000,96183
SPBEX.COP,10,20170426,175000,49.3600000,49.4200000,49.2400000,49.2700000,38726
SPBEX.COP,10,20170426,180000,49.2600000,49.5300000,49.2600000,49.3900000,47626
SPBEX.COP,10,20170426,181000,49.3900000,49.4300000,49.2200000,49.2300000,43926
SPBEX.COP,10,20170426,182000,49.2300000,49.2300000,49.0900000,49.1800000,40947
SPBEX.COP,10,20170426,183000,49.1600000,49.5200000,49.1600000,49.4100000,47747
SPBEX.COP,10,20170426,184000,49.4000000,49.4000000,49.2600000,49.3100000,20643
SPBEX.COP,10,20170426,185000,49.3100000,49.3200000,49.0400000,49.0500000,23966
SPBEX.COP,10,20170426,190000,49.0400000,49.1900000,49.0400000,49.1100000,13648
SPBEX.COP,10,20170426,191000,49.0900000,49.1100000,49.0400000,49.0600000,7347
SPBEX.COP,10,20170426,192000,49.0600000,49.1600000,49.0600000,49.1000000,9703
SPBEX.COP,10,20170426,193000,49.0800000,49.0800000,48.9600000,48.9800000,9307
SPBEX.COP,10,20170426,194000,48.9700000,49.0100000,48.9500000,48.9900000,5420
SPBEX.COP,10,20170426,195000,48.9900000,49.0200000,48.8900000,48.9000000,6225
SPBEX.COP,10,20170426,200000,48.9000000,49.0400000,48.9000000,49.0200000,6983
SPBEX.COP,10,20170426,201000,49.0200000,49.0200000,48.9200000,48.9900000,5492
SPBEX.COP,10,20170426,202000,48.9900000,49.0100000,48.8600000,48.8800000,7811
SPBEX.COP,10,20170426,203000,48.8900000,48.9100000,48.7400000,48.7400000,10677
SPBEX.COP,10,20170426,204000,48.7400000,48.8100000,48.6400000,48.8100000,15066
SPBEX.COP,10,20170426,205000,48.8000000,48.9400000,48.6600000,48.7600000,29388
SPBEX.COP,10,20170426,210000,48.7800000,48.8700000,48.7400000,48.8000000,21790
SPBEX.COP,10,20170426,211000,48.7900000,48.8500000,48.7000000,48.8500000,28744
SPBEX.COP,10,20170426,212000,48.8500000,48.8700000,48.7700000,48.7900000,15468
SPBEX.COP,10,20170426,213000,48.7800000,48.9800000,48.7600000,48.7600000,22440
SPBEX.COP,10,20170426,214000,48.7600000,48.7800000,48.6100000,48.6300000,20510
SPBEX.COP,10,20170426,215000,48.6400000,48.7100000,48.6000000,48.6300000,28529
SPBEX.COP,10,20170426,220000,48.6400000,48.7200000,48.6100000,48.6100000,24587
SPBEX.COP,10,20170426,221000,48.6100000,48.6700000,48.5800000,48.6700000,27234
SPBEX.COP,10,20170426,222000,48.6600000,48.6800000,48.5800000,48.5900000,20637
SPBEX.COP,10,20170426,223000,48.6000000,48.6300000,48.5600000,48.5900000,13325
SPBEX.COP,10,20170426,224000,48.6100000,48.6400000,48.5200000,48.5400000,27382
SPBEX.COP,10,20170426,225000,48.5300000,48.5700000,48.4700000,48.4900000,28152
SPBEX.COP,10,20170426,230000,48.4900000,48.5200000,48.3200000,48.3400000,48551
SPBEX.COP,10,20170427,144000,48.1500000,48.1500000,48.1300000,48.1300000,400
SPBEX.COP,10,20170427,150000,48.1500000,48.1500000,48.1300000,48.1300000,600
SPBEX.COP,10,20170427,151000,47.8500000,47.8500000,47.8500000,47.8500000,200
SPBEX.COP,10,20170427,163000,47.9300000,47.9300000,47.9300000,47.9300000,100
SPBEX.COP,10,20170427,164000,47.8300000,47.9100000,47.6600000,47.6700000,32265
SPBEX.COP,10,20170427,165000,47.6800000,47.6800000,47.4800000,47.5800000,23558
SPBEX.COP,10,20170427,170000,47.5800000,47.7400000,47.5300000,47.5800000,27274
SPBEX.COP,10,20170427,171000,47.5700000,47.5900000,47.4900000,47.5000000,26182
SPBEX.COP,10,20170427,172000,47.5000000,47.5600000,47.3800000,47.4400000,26099
SPBEX.COP,10,20170427,173000,47.4200000,47.4200000,47.2000000,47.2600000,33685
SPBEX.COP,10,20170427,174000,47.2600000,47.3200000,47.2200000,47.2700000,23388
SPBEX.COP,10,20170427,175000,47.2700000,47.2900000,46.9200000,46.9300000,39241
SPBEX.COP,10,20170427,180000,46.9200000,46.9900000,46.8600000,46.9600000,33270
SPBEX.COP,10,20170427,181000,46.9600000,47.1700000,46.9600000,47.1500000,38303
SPBEX.COP,10,20170427,182000,47.1600000,47.3500000,47.1600000,47.3300000,26347
SPBEX.COP,10,20170427,183000,47.3200000,47.3600000,47.2600000,47.3200000,25940
SPBEX.COP,10,20170427,184000,47.3300000,47.3600000,47.2700000,47.2900000,17393
SPBEX.COP,10,20170427,185000,47.2800000,47.2800000,47.1500000,47.1700000,15914
SPBEX.COP,10,20170427,190000,47.1600000,47.2200000,47.1300000,47.1600000,19730
SPBEX.COP,10,20170427,191000,47.1700000,47.3000000,47.1700000,47.2700000,23181
SPBEX.COP,10,20170427,192000,47.2700000,47.3200000,47.2400000,47.2900000,13731
SPBEX.COP,10,20170427,193000,47.2800000,47.4200000,47.2500000,47.4100000,15251
SPBEX.COP,10,20170427,194000,47.4100000,47.5400000,47.4100000,47.5200000,26323
SPBEX.COP,10,20170427,195000,47.5200000,47.6500000,47.5200000,47.6400000,21220
SPBEX.COP,10,20170427,200000,47.6600000,47.8900000,47.6400000,47.8900000,20992
SPBEX.COP,10,20170427,201000,47.8900000,47.9000000,47.6900000,47.7400000,13919
SPBEX.COP,10,20170427,202000,47.7300000,47.7700000,47.6600000,47.6800000,8205
SPBEX.COP,10,20170427,203000,47.6900000,47.6900000,47.6400000,47.6800000,6413
SPBEX.COP,10,20170427,204000,47.6800000,47.7700000,47.6200000,47.7700000,12296
SPBEX.COP,10,20170427,205000,47.7700000,47.7800000,47.7200000,47.7500000,9602
SPBEX.COP,10,20170427,210000,47.7600000,47.8400000,47.7400000,47.8300000,17533
SPBEX.COP,10,20170427,211000,47.8200000,47.8300000,47.7900000,47.8000000,16480
SPBEX.COP,10,20170427,212000,47.8100000,47.8500000,47.7400000,47.8100000,18372
SPBEX.COP,10,20170427,213000,47.8000000,47.8700000,47.7200000,47.8400000,34745
SPBEX.COP,10,20170427,214000,47.8500000,48.1400000,47.8500000,48.0600000,37709
SPBEX.COP,10,20170427,215000,48.0600000,48.1100000,48.0300000,48.1000000,27066
SPBEX.COP,10,20170427,220000,48.1000000,48.1100000,48.0400000,48.1000000,15525
SPBEX.COP,10,20170427,221000,48.1000000,48.1000000,47.9400000,47.9700000,21966
SPBEX.COP,10,20170427,222000,47.9700000,48.0200000,47.9300000,47.9900000,21044
SPBEX.COP,10,20170427,223000,47.9900000,48.0300000,47.9300000,47.9900000,20260
SPBEX.COP,10,20170427,224000,48.0000000,48.0300000,47.9800000,47.9800000,25700
SPBEX.COP,10,20170427,225000,47.9700000,47.9700000,47.8000000,47.8200000,46045
SPBEX.COP,10,20170427,230000,47.8200000,47.9000000,47.8000000,47.8600000,64783
SPBEX.COP,10,20170428,115000,48.0700000,48.0700000,48.0700000,48.0700000,2
SPBEX.COP,10,20170428,122000,48.0900000,48.0900000,48.0800000,48.0800000,9
SPBEX.COP,10,20170428,123000,48.0500000,48.0500000,48.0500000,48.0500000,4
SPBEX.COP,10,20170428,124000,48.0200000,48.0200000,48.0200000,48.0200000,2
SPBEX.COP,10,20170428,125000,48.0000000,48.0000000,48.0000000,48.0000000,2
SPBEX.COP,10,20170428,151000,48.0000000,48.0000000,48.0000000,48.0000000,50
SPBEX.COP,10,20170428,155000,48.1000000,48.1000000,48.1000000,48.1000000,561
SPBEX.COP,10,20170428,163000,48.0800000,48.0800000,48.0800000,48.0800000,200
SPBEX.COP,10,20170428,164000,48.1000000,48.1000000,47.7400000,47.8800000,34564
SPBEX.COP,10,20170428,165000,47.8600000,47.9200000,47.7800000,47.8900000,29994
SPBEX.COP,10,20170428,170000,47.8700000,48.1500000,47.8700000,48.1300000,32769
SPBEX.COP,10,20170428,171000,48.1200000,48.2600000,48.0800000,48.1800000,18460
SPBEX.COP,10,20170428,172000,48.1900000,48.2700000,48.1500000,48.2600000,16503
SPBEX.COP,10,20170428,173000,48.2400000,48.2700000,48.0800000,48.1000000,21990
SPBEX.COP,10,20170428,174000,48.1000000,48.1400000,47.9900000,47.9900000,21459
SPBEX.COP,10,20170428,175000,47.9800000,47.9800000,47.8600000,47.9200000,19483
SPBEX.COP,10,20170428,180000,47.9200000,47.9700000,47.8400000,47.8600000,17684
SPBEX.COP,10,20170428,181000,47.8700000,48.0000000,47.8500000,47.9800000,17608
SPBEX.COP,10,20170428,182000,47.9800000,47.9800000,47.8600000,47.9500000,18682
SPBEX.COP,10,20170428,183000,47.9700000,47.9700000,47.9200000,47.9300000,18160
SPBEX.COP,10,20170428,184000,47.9100000,47.9700000,47.8800000,47.9600000,15398
SPBEX.COP,10,20170428,185000,47.9500000,47.9600000,47.7600000,47.7700000,16125
SPBEX.COP,10,20170428,190000,47.7600000,47.8700000,47.7500000,47.8200000,11201
SPBEX.COP,10,20170428,191000,47.8500000,47.9200000,47.8300000,47.9000000,11401
SPBEX.COP,10,20170428,192000,47.9000000,47.9100000,47.8200000,47.8300000,9503
SPBEX.COP,10,20170428,193000,47.8400000,47.8700000,47.7800000,47.8100000,18729
SPBEX.COP,10,20170428,194000,47.8000000,47.8600000,47.7700000,47.8600000,13899
SPBEX.COP,10,20170428,195000,47.8600000,47.9200000,47.8500000,47.9200000,9683
SPBEX.COP,10,20170428,200000,47.9200000,47.9600000,47.8900000,47.9400000,5942
SPBEX.COP,10,20170428,201000,47.9200000,47.9600000,47.8800000,47.9500000,4676
SPBEX.COP,10,20170428,202000,47.9600000,48.0100000,47.9200000,47.9300000,10993
SPBEX.COP,10,20170428,203000,47.9400000,47.9700000,47.9100000,47.9600000,11832
SPBEX.COP,10,20170428,204000,47.9700000,48.0900000,47.9700000,48.0700000,7515
SPBEX.COP,10,20170428,205000,48.0600000,48.0600000,48.0200000,48.0500000,6292
SPBEX.COP,10,20170428,210000,48.0600000,48.1100000,48.0600000,48.0800000,8163
SPBEX.COP,10,20170428,211000,48.0800000,48.2100000,48.0800000,48.1700000,9746
SPBEX.COP,10,20170428,212000,48.1700000,48.2200000,48.1200000,48.1900000,12444
SPBEX.COP,10,20170428,213000,48.1900000,48.2300000,48.1200000,48.1300000,14921
SPBEX.COP,10,20170428,214000,48.1200000,48.1600000,48.1000000,48.1600000,12520
SPBEX.COP,10,20170428,215000,48.1700000,48.2500000,48.1700000,48.2500000,8858
SPBEX.COP,10,20170428,220000,48.2600000,48.2600000,48.2300000,48.2300000,13821
SPBEX.COP,10,20170428,221000,48.2300000,48.2900000,48.2100000,48.2900000,42026
SPBEX.COP,10,20170428,222000,48.2900000,48.3200000,48.2300000,48.2800000,14912
SPBEX.COP,10,20170428,223000,48.2800000,48.2800000,48.1900000,48.2200000,15292
SPBEX.COP,10,20170428,224000,48.2100000,48.2100000,48.0700000,48.0900000,20715
SPBEX.COP,10,20170428,225000,48.0900000,48.0900000,47.9300000,47.9500000,33412
SPBEX.COP,10,20170428,230000,47.9400000,47.9600000,47.8900000,47.9200000,46262
SPBEX.COP,10,20170428,232000,47.9200000,47.9200000,47.9200000,47.9200000,142
SPBEX.COP,10,20170428,234000,47.9100000,47.9100000,47.9100000,47.9100000,11
SPBEX.COP,10,20170501,164000,47.7900000,47.8600000,47.6900000,47.8300000,13446
SPBEX.COP,10,20170501,165000,47.8600000,48.0000000,47.8400000,47.8800000,17480
SPBEX.COP,10,20170501,170000,47.8500000,47.9900000,47.8200000,47.8900000,15113
SPBEX.COP,10,20170501,171000,47.8800000,47.8900000,47.7200000,47.7300000,15498
SPBEX.COP,10,20170501,172000,47.7400000,47.7400000,47.6100000,47.6500000,12666
SPBEX.COP,10,20170501,173000,47.6400000,47.7100000,47.6100000,47.6600000,12835
SPBEX.COP,10,20170501,174000,47.6600000,47.6900000,47.5400000,47.6800000,14635
SPBEX.COP,10,20170501,175000,47.6900000,47.8100000,47.6600000,47.8100000,21094
SPBEX.COP,10,20170501,180000,47.8000000,47.8500000,47.7400000,47.8500000,13960
SPBEX.COP,10,20170501,181000,47.8400000,47.8500000,47.7700000,47.7800000,11321
SPBEX.COP,10,20170501,182000,47.7800000,47.8900000,47.7700000,47.8000000,8533
SPBEX.COP,10,20170501,183000,47.8000000,47.8600000,47.7500000,47.8400000,16042
SPBEX.COP,10,20170501,184000,47.8400000,47.9300000,47.8200000,47.9300000,10378
SPBEX.COP,10,20170501,185000,47.9300000,48.0200000,47.9000000,47.9700000,11479
SPBEX.COP,10,20170501,190000,47.9700000,48.0000000,47.8300000,47.8900000,19954
SPBEX.COP,10,20170501,191000,47.8800000,47.9100000,47.8400000,47.8600000,16577
SPBEX.COP,10,20170501,192000,47.8700000,47.8800000,47.7700000,47.8300000,11204
SPBEX.COP,10,20170501,193000,47.8200000,47.8200000,47.7300000,47.7600000,8258
SPBEX.COP,10,20170501,194000,47.7700000,47.8300000,47.7500000,47.7700000,12634
SPBEX.COP,10,20170501,195000,47.7800000,47.8100000,47.6800000,47.7400000,10879
SPBEX.COP,10,20170501,200000,47.7400000,47.7800000,47.6200000,47.6900000,13010
SPBEX.COP,10,20170501,201000,47.6900000,47.7500000,47.6800000,47.7500000,16754
SPBEX.COP,10,20170501,202000,47.7500000,47.8800000,47.7200000,47.8800000,34304
SPBEX.COP,10,20170501,203000,47.8800000,47.9100000,47.8500000,47.8700000,15410
SPBEX.COP,10,20170501,204000,47.8800000,47.8800000,47.7700000,47.7700000,11314
SPBEX.COP,10,20170501,205000,47.7800000,47.7800000,47.6800000,47.7200000,12187
SPBEX.COP,10,20170501,210000,47.7200000,47.7800000,47.7200000,47.7700000,7680
SPBEX.COP,10,20170501,211000,47.7800000,47.8900000,47.7800000,47.8100000,20854
SPBEX.COP,10,20170501,212000,47.8200000,47.9000000,47.8200000,47.8800000,11910
SPBEX.COP,10,20170501,213000,47.8800000,47.9000000,47.8500000,47.8600000,13258
SPBEX.COP,10,20170501,214000,47.8500000,47.8600000,47.7200000,47.7200000,10184
SPBEX.COP,10,20170501,215000,47.7200000,47.7400000,47.6000000,47.6300000,12262
SPBEX.COP,10,20170501,220000,47.6200000,47.6600000,47.5900000,47.6200000,10886
SPBEX.COP,10,20170501,221000,47.6200000,47.6900000,47.6200000,47.6700000,13134
SPBEX.COP,10,20170501,222000,47.6600000,47.6800000,47.6100000,47.6600000,18931
SPBEX.COP,10,20170501,223000,47.6600000,47.6700000,47.5600000,47.5800000,23477
SPBEX.COP,10,20170501,224000,47.5900000,47.6600000,47.5800000,47.6300000,25596
SPBEX.COP,10,20170501,225000,47.6400000,47.6600000,47.5500000,47.6200000,33806
SPBEX.COP,10,20170501,230000,47.6100000,47.6200000,47.4700000,47.5100000,65565
SPBEX.COP,10,20170501,232000,47.7000000,47.7000000,47.7000000,47.7000000,100
SPBEX.COP,10,20170501,233000,47.8100000,47.8100000,47.8100000,47.8100000,100
SPBEX.COP,10,20170502,150000,47.0300000,47.0300000,47.0300000,47.0300000,900
SPBEX.COP,10,20170502,164000,47.4800000,47.5700000,47.0500000,47.0800000,33259
SPBEX.COP,10,20170502,165000,47.1000000,47.1200000,46.3600000,46.5600000,64560
SPBEX.COP,10,20170502,170000,46.5100000,46.9600000,46.4100000,46.8600000,35826
SPBEX.COP,10,20170502,171000,46.8500000,47.2800000,46.6700000,47.1500000,41322
SPBEX.COP,10,20170502,172000,47.1300000,47.2700000,47.0900000,47.2100000,33705
SPBEX.COP,10,20170502,173000,47.2300000,47.2400000,46.9600000,46.9600000,15812
SPBEX.COP,10,20170502,174000,46.9700000,46.9900000,46.7900000,46.8400000,28446
SPBEX.COP,10,20170502,175000,46.8500000,46.9100000,46.7600000,46.8200000,21986
SPBEX.COP,10,20170502,180000,46.8100000,46.8400000,46.7300000,46.7800000,24465
SPBEX.COP,10,20170502,181000,46.7800000,46.8000000,46.6100000,46.8000000,29071
SPBEX.COP,10,20170502,182000,46.8000000,46.8300000,46.5000000,46.5000000,24525
SPBEX.COP,10,20170502,183000,46.5100000,46.5400000,46.3600000,46.5300000,25256
SPBEX.COP,10,20170502,184000,46.5300000,46.5700000,46.4200000,46.4300000,22657
SPBEX.COP,10,20170502,185000,46.4500000,46.5200000,46.4100000,46.5000000,24203
SPBEX.COP,10,20170502,190000,46.4900000,46.5100000,46.2700000,46.3000000,17342
SPBEX.COP,10,20170502,191000,46.3000000,46.4100000,46.2900000,46.4100000,23429
SPBEX.COP,10,20170502,192000,46.4200000,46.5500000,46.4000000,46.5000000,24964
SPBEX.COP,10,20170502,193000,46.5000000,46.8200000,46.4800000,46.6700000,47056
SPBEX.COP,10,20170502,194000,46.6800000,46.8100000,46.6100000,46.8100000,41811
SPBEX.COP,10,20170502,195000,46.8200000,46.9000000,46.7500000,46.7500000,38324
SPBEX.COP,10,20170502,200000,46.7500000,46.9100000,46.7300000,46.8800000,24699
SPBEX.COP,10,20170502,201000,46.8800000,47.0200000,46.8400000,46.9600000,27324
SPBEX.COP,10,20170502,202000,46.9600000,47.2100000,46.9600000,47.1900000,22984
SPBEX.COP,10,20170502,203000,47.2000000,47.2600000,47.0400000,47.0600000,26917
SPBEX.COP,10,20170502,204000,47.0600000,47.0900000,47.0400000,47.0600000,13236
SPBEX.COP,10,20170502,205000,47.0800000,47.1100000,47.0000000,47.0100000,15560
SPBEX.COP,10,20170502,210000,47.0200000,47.0600000,46.7800000,46.8000000,29287
SPBEX.COP,10,20170502,211000,46.7900000,46.8000000,46.6800000,46.7200000,31547
SPBEX.COP,10,20170502,212000,46.7300000,46.8600000,46.7100000,46.8200000,31302
SPBEX.COP,10,20170502,213000,46.8200000,46.8200000,46.6400000,46.6400000,29593
SPBEX.COP,10,20170502,214000,46.6300000,46.7000000,46.5300000,46.5300000,33848
SPBEX.COP,10,20170502,215000,46.5300000,46.5900000,46.4400000,46.4500000,26251
SPBEX.COP,10,20170502,220000,46.4500000,46.4900000,46.3600000,46.4900000,27690
SPBEX.COP,10,20170502,221000,46.4900000,46.6000000,46.4900000,46.5400000,32295
SPBEX.COP,10,20170502,222000,46.5400000,46.6200000,46.5200000,46.6200000,22978
SPBEX.COP,10,20170502,223000,46.6100000,46.7200000,46.6100000,46.6800000,41636
SPBEX.COP,10,20170502,224000,46.6800000,46.8300000,46.6500000,46.8100000,35225
SPBEX.COP,10,20170502,225000,46.8000000,46.8000000,46.6400000,46.6900000,56943
SPBEX.COP,10,20170502,230000,46.7000000,46.7600000,46.6500000,46.7100000,73732
SPBEX.COP,10,20170502,231000,46.7700000,46.7700000,46.6700000,46.6700000,205
SPBEX.COP,10,20170502,235000,46.6700000,46.6700000,46.6700000,46.6700000,3
SPBEX.COP,10,20170503,151000,46.7000000,46.7000000,46.6900000,46.6900000,11
SPBEX.COP,10,20170503,153000,46.7000000,46.7000000,46.7000000,46.7000000,35
SPBEX.COP,10,20170503,163000,46.4800000,46.4800000,46.3200000,46.3200000,500
SPBEX.COP,10,20170503,164000,46.4500000,46.6700000,46.2600000,46.6600000,20106
SPBEX.COP,10,20170503,165000,46.6700000,46.9100000,46.6600000,46.8700000,26640
SPBEX.COP,10,20170503,170000,46.8600000,47.0200000,46.8500000,46.9600000,12434
SPBEX.COP,10,20170503,171000,46.9600000,46.9800000,46.8200000,46.8400000,12416
SPBEX.COP,10,20170503,172000,46.8500000,46.9500000,46.8100000,46.9100000,39238
SPBEX.COP,10,20170503,173000,46.9100000,46.9300000,46.8500000,46.9000000,19577
SPBEX.COP,10,20170503,174000,46.8900000,46.8900000,46.5800000,46.6600000,37091
SPBEX.COP,10,20170503,175000,46.6700000,46.6900000,46.5200000,46.5600000,19777
SPBEX.COP,10,20170503,180000,46.5600000,46.5600000,46.3600000,46.5200000,15728
SPBEX.COP,10,20170503,181000,46.5400000,46.7800000,46.5300000,46.7500000,25331
SPBEX.COP,10,20170503,182000,46.7500000,46.9000000,46.7300000,46.8800000,23599
SPBEX.COP,10,20170503,183000,46.8900000,46.8900000,46.7100000,46.7100000,15687
SPBEX.COP,10,20170503,184000,46.7500000,46.7900000,46.7000000,46.7900000,16955
SPBEX.COP,10,20170503,185000,46.8000000,46.8200000,46.7600000,46.7800000,13222
SPBEX.COP,10,20170503,190000,46.7900000,46.7900000,46.7000000,46.7600000,19361
SPBEX.COP,10,20170503,191000,46.7600000,46.8500000,46.7600000,46.8100000,15078
SPBEX.COP,10,20170503,192000,46.8000000,46.8000000,46.7300000,46.7700000,11211
SPBEX.COP,10,20170503,193000,46.7600000,46.7600000,46.7000000,46.7400000,10368
SPBEX.COP,10,20170503,194000,46.7300000,46.7300000,46.6500000,46.7200000,11419
SPBEX.COP,10,20170503,195000,46.7300000,46.8200000,46.7300000,46.8100000,13345
SPBEX.COP,10,20170503,200000,46.8100000,46.8600000,46.7900000,46.7900000,13623
SPBEX.COP,10,20170503,201000,46.7900000,46.8400000,46.7700000,46.8100000,11666
SPBEX.COP,10,20170503,202000,46.8000000,46.8400000,46.7900000,46.8400000,13058
SPBEX.COP,10,20170503,203000,46.8300000,46.8600000,46.8100000,46.8200000,11677
SPBEX.COP,10,20170503,204000,46.8200000,46.8800000,46.8000000,46.8300000,21808
SPBEX.COP,10,20170503,205000,46.8300000,46.8500000,46.7900000,46.8400000,22171
SPBEX.COP,10,20170503,210000,46.8500000,46.8900000,46.8300000,46.8700000,12407
SPBEX.COP,10,20170503,211000,46.8900000,47.0700000,46.8700000,47.0300000,30879
SPBEX.COP,10,20170503,212000,47.0400000,47.0400000,46.9600000,46.9900000,14381
SPBEX.COP,10,20170503,213000,47.0000000,47.1100000,46.9900000,47.0200000,18958
SPBEX.COP,10,20170503,214000,46.9800000,47.1100000,46.9800000,47.1100000,14255
SPBEX.COP,10,20170503,215000,47.1200000,47.2500000,47.1200000,47.2000000,23947
SPBEX.COP,10,20170503,220000,47.2100000,47.3400000,47.2000000,47.3400000,29027
SPBEX.COP,10,20170503,221000,47.3600000,47.4400000,47.3200000,47.3500000,22786
SPBEX.COP,10,20170503,222000,47.3500000,47.3700000,47.2400000,47.2800000,18917
SPBEX.COP,10,20170503,223000,47.2800000,47.3800000,47.2700000,47.3300000,22489
SPBEX.COP,10,20170503,224000,47.3400000,47.3800000,47.2900000,47.3500000,35543
SPBEX.COP,10,20170503,225000,47.3400000,47.3400000,47.1900000,47.1900000,50331
SPBEX.COP,10,20170503,230000,47.1800000,47.2000000,47.0600000,47.0800000,85247
SPBEX.COP,10,20170504,164000,46.7600000,46.8500000,46.3800000,46.4100000,35174
SPBEX.COP,10,20170504,165000,46.4300000,46.4700000,46.1000000,46.1100000,79962
SPBEX.COP,10,20170504,170000,46.1200000,46.2100000,46.0400000,46.1700000,45932
SPBEX.COP,10,20170504,171000,46.1700000,46.5000000,46.1300000,46.4100000,96336
SPBEX.COP,10,20170504,172000,46.4400000,46.4400000,46.1700000,46.1900000,49046
SPBEX.COP,10,20170504,173000,46.1900000,46.4200000,46.1900000,46.4000000,60106
SPBEX.COP,10,20170504,174000,46.3900000,46.5800000,46.3400000,46.5500000,65482
SPBEX.COP,10,20170504,175000,46.5500000,46.5500000,46.3600000,46.3800000,58817
SPBEX.COP,10,20170504,180000,46.3600000,46.3700000,46.2300000,46.3300000,27267
SPBEX.COP,10,20170504,181000,46.3300000,46.3300000,46.1300000,46.1300000,24790
SPBEX.COP,10,20170504,182000,46.1200000,46.2400000,46.1000000,46.2300000,22873
SPBEX.COP,10,20170504,183000,46.2400000,46.2500000,46.0100000,46.0400000,32543
SPBEX.COP,10,20170504,184000,46.0500000,46.1000000,46.0300000,46.0500000,23107
SPBEX.COP,10,20170504,185000,46.0300000,46.0800000,45.9700000,46.0000000,34008
SPBEX.COP,10,20170504,190000,45.9900000,45.9900000,45.7700000,45.7900000,43261
SPBEX.COP,10,20170504,191000,45.8100000,45.9200000,45.8000000,45.8500000,35971
SPBEX.COP,10,20170504,192000,45.8600000,45.9000000,45.7000000,45.7500000,32113
SPBEX.COP,10,20170504,193000,45.7500000,45.8900000,45.7500000,45.8700000,23262
SPBEX.COP,10,20170504,194000,45.8700000,45.9500000,45.8400000,45.9500000,17032
SPBEX.COP,10,20170504,195000,45.9400000,45.9500000,45.8700000,45.9300000,34792
SPBEX.COP,10,20170504,200000,45.9400000,46.0500000,45.8600000,46.0400000,23044
SPBEX.COP,10,20170504,201000,46.0500000,46.1200000,45.9900000,45.9900000,21562
SPBEX.COP,10,20170504,202000,45.9900000,45.9900000,45.8900000,45.9700000,18294
SPBEX.COP,10,20170504,203000,45.9600000,45.9600000,45.8200000,45.8200000,11598
SPBEX.COP,10,20170504,204000,45.8200000,45.9300000,45.7700000,45.8700000,13434
SPBEX.COP,10,20170504,205000,45.8600000,46.0100000,45.7900000,46.0100000,16858
SPBEX.COP,10,20170504,210000,46.0000000,46.0000000,45.8900000,45.9200000,10648
SPBEX.COP,10,20170504,211000,45.9100000,45.9700000,45.9000000,45.9300000,16047
SPBEX.COP,10,20170504,212000,45.9400000,46.0100000,45.8600000,45.9500000,32625
SPBEX.COP,10,20170504,213000,45.9200000,46.0700000,45.8600000,46.0600000,27733
SPBEX.COP,10,20170504,214000,46.0500000,46.1000000,45.9900000,46.0600000,33850
SPBEX.COP,10,20170504,215000,46.0700000,46.1200000,46.0400000,46.0700000,24228
SPBEX.COP,10,20170504,220000,46.0800000,46.1100000,45.9200000,45.9300000,59382
SPBEX.COP,10,20170504,221000,45.9300000,46.0600000,45.9300000,46.0200000,32296
SPBEX.COP,10,20170504,222000,46.0200000,46.1400000,45.9800000,46.0800000,53611
SPBEX.COP,10,20170504,223000,46.0800000,46.1000000,45.9900000,46.0000000,56408
SPBEX.COP,10,20170504,224000,46.0000000,46.0400000,45.8400000,45.9600000,63306
SPBEX.COP,10,20170504,225000,45.9600000,45.9600000,45.8700000,45.9600000,67727
SPBEX.COP,10,20170504,230000,45.9600000,46.0200000,45.9000000,45.9300000,97963
SPBEX.COP,10,20170504,231000,45.9200000,45.9200000,45.9200000,45.9200000,200
SPBEX.COP,10,20170505,022000,45.9500000,45.9500000,45.9500000,45.9500000,100
SPBEX.COP,10,20170505,025000,45.9800000,45.9800000,45.9800000,45.9800000,100
SPBEX.COP,10,20170505,151000,45.9700000,46.0600000,45.9700000,46.0600000,105
SPBEX.COP,10,20170505,164000,45.9700000,46.1800000,45.8900000,46.1600000,40589
SPBEX.COP,10,20170505,165000,46.1500000,46.4300000,46.0800000,46.2900000,29797
SPBEX.COP,10,20170505,170000,46.2800000,46.4000000,46.1500000,46.1800000,24472
SPBEX.COP,10,20170505,171000,46.1900000,46.4000000,46.1900000,46.4000000,46657
SPBEX.COP,10,20170505,172000,46.3800000,46.5800000,46.3600000,46.5600000,32202
SPBEX.COP,10,20170505,173000,46.5500000,46.6000000,46.5100000,46.6000000,17424
SPBEX.COP,10,20170505,174000,46.5900000,46.7700000,46.5600000,46.7500000,47853
SPBEX.COP,10,20170505,175000,46.7700000,46.8000000,46.7500000,46.7600000,18368
SPBEX.COP,10,20170505,180000,46.7600000,46.7700000,46.6200000,46.6700000,12423
SPBEX.COP,10,20170505,181000,46.6800000,46.7000000,46.4100000,46.4100000,18792
SPBEX.COP,10,20170505,182000,46.4000000,46.6500000,46.3600000,46.6200000,34923
SPBEX.COP,10,20170505,183000,46.6300000,46.6700000,46.5200000,46.5600000,46800
SPBEX.COP,10,20170505,184000,46.5500000,46.5800000,46.5100000,46.5100000,21246
SPBEX.COP,10,20170505,185000,46.5000000,46.5500000,46.4800000,46.4900000,26649
SPBEX.COP,10,20170505,190000,46.5100000,46.5100000,46.4000000,46.4200000,21394
SPBEX.COP,10,20170505,191000,46.4300000,46.4800000,46.3800000,46.4600000,16844
SPBEX.COP,10,20170505,192000,46.4500000,46.4600000,46.4000000,46.4300000,11777
SPBEX.COP,10,20170505,193000,46.4300000,46.4700000,46.4100000,46.4100000,24722
SPBEX.COP,10,20170505,194000,46.4100000,46.4700000,46.4000000,46.4400000,10592
SPBEX.COP,10,20170505,195000,46.4500000,46.4600000,46.3500000,46.4000000,9415
SPBEX.COP,10,20170505,200000,46.4000000,46.4000000,46.2800000,46.3000000,15941
SPBEX.COP,10,20170505,201000,46.3000000,46.3900000,46.2800000,46.3300000,16255
SPBEX.COP,10,20170505,202000,46.3500000,46.3600000,46.2700000,46.3200000,17156
SPBEX.COP,10,20170505,203000,46.3300000,46.3800000,46.2900000,46.3800000,25839
SPBEX.COP,10,20170505,204000,46.3700000,46.3700000,46.3100000,46.3100000,10061
SPBEX.COP,10,20170505,205000,46.3200000,46.3700000,46.3200000,46.3400000,15673
SPBEX.COP,10,20170505,210000,46.3500000,46.3800000,46.3300000,46.3300000,9968
SPBEX.COP,10,20170505,211000,46.3300000,46.3700000,46.3000000,46.3300000,12304
SPBEX.COP,10,20170505,212000,46.3300000,46.3600000,46.2800000,46.3100000,16329
SPBEX.COP,10,20170505,213000,46.3000000,46.3900000,46.3000000,46.3800000,17612
SPBEX.COP,10,20170505,214000,46.3700000,46.4600000,46.3600000,46.4600000,17455
SPBEX.COP,10,20170505,215000,46.4600000,46.5000000,46.4000000,46.4900000,14994
SPBEX.COP,10,20170505,220000,46.4900000,46.5000000,46.4200000,46.4600000,7170
SPBEX.COP,10,20170505,221000,46.4600000,46.6100000,46.4500000,46.5600000,19026
SPBEX.COP,10,20170505,222000,46.5600000,46.5800000,46.5100000,46.5700000,16073
SPBEX.COP,10,20170505,223000,46.5800000,46.6000000,46.5300000,46.6000000,13693
SPBEX.COP,10,20170505,224000,46.6100000,46.7000000,46.6000000,46.6700000,25669
SPBEX.COP,10,20170505,225000,46.6600000,46.7000000,46.6000000,46.7000000,28064
SPBEX.COP,10,20170505,230000,46.7000000,46.8400000,46.7000000,46.7600000,50346
