<TICKER>,<PER>,<DATE>,<TIME>,<OPEN>,<HIGH>,<LOW>,<CLOSE>,<VOL>
TATN,10,20151201,101000,317.4000000,318.9000000,317.0000000,317.8000000,161050
TATN,10,20151201,102000,317.8000000,320.4500000,316.5000000,319.5000000,134450
TATN,10,20151201,103000,319.4500000,322.1000000,319.3000000,320.0500000,138400
TATN,10,20151201,104000,319.7000000,320.0000000,318.6000000,319.6500000,19820
TATN,10,20151201,105000,319.7000000,320.8500000,319.1000000,319.3000000,22210
TATN,10,20151201,110000,319.5500000,321.0000000,319.3000000,320.8500000,59550
TATN,10,20151201,111000,320.8500000,322.7500000,320.8000000,322.2000000,336680
TATN,10,20151201,112000,322.2000000,323.5000000,321.6500000,322.7500000,127560
TATN,10,20151201,113000,322.7000000,323.2500000,322.5000000,322.8500000,59500
TATN,10,20151201,114000,322.9500000,323.1000000,321.8500000,322.1500000,36270
TATN,10,20151201,115000,321.9000000,322.8000000,321.7000000,322.8000000,59310
TATN,10,20151201,120000,322.7500000,323.5000000,322.7500000,323.2500000,50630
TATN,10,20151201,121000,323.1000000,324.5000000,323.1000000,324.1500000,92850
TATN,10,20151201,122000,324.1500000,324.5000000,322.6500000,322.9500000,45580
TATN,10,20151201,123000,322.8500000,323.1000000,322.4000000,322.5500000,27960
TATN,10,20151201,124000,322.5000000,322.6500000,322.3000000,322.6500000,14910
TATN,10,20151201,125000,322.5500000,323.0000000,322.0000000,322.0000000,30640
TATN,10,20151201,130000,322.0000000,322.1500000,320.3000000,320.3000000,45520
TATN,10,20151201,131000,320.3000000,320.4500000,320.0000000,320.2000000,69650
TATN,10,20151201,132000,320.2500000,321.4000000,320.2000000,321.2000000,30960
TATN,10,20151201,133000,321.1500000,321.4000000,320.3000000,320.3500000,10850
TATN,10,20151201,134000,320.5500000,321.1500000,320.0000000,320.6500000,45000
TATN,10,20151201,135000,320.6500000,320.8500000,320.5000000,320.5500000,13170
TATN,10,20151201,140000,320.5500000,321.4000000,320.5000000,320.6500000,14240
TATN,10,20151201,141000,320.7000000,321.4500000,320.6500000,321.4500000,5200
TATN,10,20151201,142000,321.3000000,322.4000000,321.3000000,321.5500000,21810
TATN,10,20151201,143000,321.5500000,321.8000000,321.0500000,321.0500000,9700
TATN,10,20151201,144000,321.0500000,321.2500000,320.5000000,320.8000000,14010
TATN,10,20151201,145000,320.8000000,321.2000000,320.7000000,320.8000000,8810
TATN,10,20151201,150000,320.7500000,320.7500000,320.0000000,320.3000000,26000
TATN,10,20151201,151000,320.0000000,320.6000000,320.0000000,320.4000000,32640
TATN,10,20151201,152000,320.5500000,320.7000000,320.0500000,320.4000000,14230
TATN,10,20151201,153000,320.5500000,320.9500000,320.4000000,320.7500000,9790
TATN,10,20151201,154000,320.8000000,320.9500000,320.6500000,320.8000000,9250
TATN,10,20151201,155000,320.8500000,320.9500000,320.5500000,320.9500000,34580
TATN,10,20151201,160000,320.9500000,322.0000000,320.9500000,321.8000000,23860
TATN,10,20151201,161000,321.7500000,322.1500000,321.0000000,321.1500000,35050
TATN,10,20151201,162000,321.2000000,321.2500000,320.5000000,321.0000000,25050
TATN,10,20151201,163000,321.0000000,321.4500000,320.4000000,321.3500000,30780
TATN,10,20151201,164000,321.3500000,322.0500000,321.1000000,321.4000000,14400
TATN,10,20151201,165000,321.5500000,321.8000000,320.9000000,321.7500000,25590
TATN,10,20151201,170000,321.5000000,323.1000000,321.5000000,322.2000000,40960
TATN,10,20151201,171000,322.2000000,322.3500000,321.3000000,321.3500000,26360
TATN,10,20151201,172000,321.4000000,322.2000000,321.1000000,321.3500000,26590
TATN,10,20151201,173000,321.4000000,321.5500000,320.3500000,320.8500000,47530
TATN,10,20151201,174000,321.1000000,322.3500000,320.5000000,321.6000000,32100
TATN,10,20151201,175000,321.7000000,322.0000000,320.9000000,321.1000000,27600
TATN,10,20151201,180000,321.1000000,321.4500000,319.1000000,319.1000000,81570
TATN,10,20151201,181000,319.1000000,319.5500000,318.5500000,318.9000000,34570
TATN,10,20151201,182000,318.8500000,319.4000000,318.1000000,318.4500000,35990
TATN,10,20151201,183000,318.4500000,319.5000000,318.0500000,318.8000000,27160
TATN,10,20151201,184000,319.2000000,323.2500000,319.1000000,320.1500000,314500
TATN,10,20151201,185000,323.0000000,323.0000000,323.0000000,323.0000000,96630
TATN,10,20151202,101000,324.0500000,324.0500000,321.7500000,321.8000000,13840
TATN,10,20151202,102000,322.0000000,323.5500000,321.7500000,322.7500000,24000
TATN,10,20151202,103000,322.7500000,323.7500000,322.4000000,323.1500000,7420
TATN,10,20151202,104000,323.1500000,324.0000000,322.9000000,323.1000000,19130
TATN,10,20151202,105000,323.3500000,324.4500000,323.0500000,324.4500000,23370
TATN,10,20151202,110000,324.5000000,324.7500000,323.9000000,323.9000000,30410
TATN,10,20151202,111000,324.1000000,325.0000000,323.8500000,324.6500000,64380
TATN,10,20151202,112000,324.5500000,324.8000000,322.9000000,323.4500000,48900
TATN,10,20151202,113000,323.4500000,323.5000000,322.0000000,322.2500000,68260
TATN,10,20151202,114000,322.4500000,322.5500000,321.7500000,322.1000000,22970
TATN,10,20151202,115000,321.9000000,322.1000000,321.1000000,321.1500000,9940
TATN,10,20151202,120000,321.1500000,321.2500000,321.0000000,321.0000000,47660
TATN,10,20151202,121000,321.0000000,322.4000000,321.0000000,322.3000000,22620
TATN,10,20151202,122000,322.3500000,322.5000000,321.0500000,321.5500000,7200
TATN,10,20151202,123000,321.3000000,321.6500000,320.8500000,321.3000000,15640
TATN,10,20151202,124000,321.0000000,321.5500000,320.0000000,321.5500000,69200
TATN,10,20151202,125000,321.2500000,321.5000000,321.0000000,321.2000000,9560
TATN,10,20151202,130000,321.2000000,321.4500000,320.5500000,321.0000000,19150
TATN,10,20151202,131000,321.2000000,321.5500000,320.5500000,321.3000000,38830
TATN,10,20151202,132000,321.5500000,321.6000000,321.0000000,321.4000000,6570
TATN,10,20151202,133000,321.1000000,321.1000000,320.3500000,320.4000000,8100
TATN,10,20151202,134000,320.4000000,320.7000000,320.3500000,320.4500000,1750
TATN,10,20151202,135000,320.7000000,321.1500000,320.4500000,320.9500000,2960
TATN,10,20151202,140000,321.1000000,321.1500000,320.7000000,320.7000000,1400
TATN,10,20151202,141000,320.6500000,320.8500000,319.6000000,319.6500000,17990
TATN,10,20151202,142000,319.6500000,319.8500000,319.2500000,319.6000000,10550
TATN,10,20151202,143000,319.6000000,320.0500000,319.3500000,319.7000000,14440
TATN,10,20151202,144000,319.7000000,320.2000000,319.5000000,320.0000000,31040
TATN,10,20151202,145000,319.8000000,320.3000000,319.5000000,320.0500000,39510
TATN,10,20151202,150000,320.0500000,320.0500000,319.4000000,319.6500000,15810
TATN,10,20151202,151000,319.7000000,319.8500000,319.0500000,319.5000000,13790
TATN,10,20151202,152000,319.5000000,319.6500000,318.6000000,318.6000000,20000
TATN,10,20151202,153000,318.6500000,319.0500000,318.3500000,318.6000000,47330
TATN,10,20151202,154000,318.6000000,318.8000000,318.5000000,318.6000000,54380
TATN,10,20151202,155000,318.9500000,319.0500000,318.6500000,318.8000000,1980
TATN,10,20151202,160000,318.8000000,319.5500000,318.6500000,319.3000000,6790
TATN,10,20151202,161000,319.3000000,319.5500000,319.0000000,319.3500000,19340
TATN,10,20151202,162000,319.3000000,319.3000000,318.5000000,318.6500000,26710
TATN,10,20151202,163000,318.9000000,318.9500000,318.5000000,318.5000000,7870
TATN,10,20151202,164000,318.5000000,319.0000000,318.2000000,318.2500000,10750
TATN,10,20151202,165000,318.3000000,318.3500000,317.6500000,318.0000000,35860
TATN,10,20151202,170000,317.9500000,318.4000000,317.5000000,317.5500000,56920
TATN,10,20151202,171000,317.5500000,318.3500000,317.5000000,317.8500000,12750
TATN,10,20151202,172000,317.8500000,318.2500000,317.7500000,318.1500000,11550
TATN,10,20151202,173000,318.2000000,318.5000000,317.5000000,318.3000000,20140
TATN,10,20151202,174000,318.4000000,318.8000000,318.0500000,318.5000000,3340
TATN,10,20151202,175000,318.6000000,320.4500000,318.2000000,319.1000000,37190
TATN,10,20151202,180000,318.8000000,322.9000000,318.3000000,320.1500000,544110
TATN,10,20151202,181000,320.3500000,321.1500000,319.3000000,319.5500000,23380
TATN,10,20151202,182000,319.3500000,320.8000000,318.9500000,320.4000000,24920
TATN,10,20151202,183000,320.3500000,321.3000000,319.7000000,321.0000000,92060
TATN,10,20151202,184000,320.9500000,323.1000000,320.8000000,323.0500000,210420
TATN,10,20151202,185000,321.5000000,321.5000000,321.5000000,321.5000000,40030
TATN,10,20151203,101000,320.7000000,321.0000000,319.2000000,319.7500000,22020
TATN,10,20151203,102000,319.4500000,320.0000000,319.3000000,320.0000000,4740
TATN,10,20151203,103000,320.0000000,320.7000000,319.6000000,320.4500000,28720
TATN,10,20151203,104000,320.4500000,320.7500000,320.0000000,320.7000000,23490
TATN,10,20151203,105000,320.3500000,320.5000000,320.0000000,320.0000000,20470
TATN,10,20151203,110000,320.0000000,320.7500000,319.3500000,320.7500000,22190
TATN,10,20151203,111000,320.9000000,321.4500000,320.0500000,320.4000000,41960
TATN,10,20151203,112000,320.3500000,321.2000000,320.3500000,320.8500000,7090
TATN,10,20151203,113000,320.8500000,320.8500000,320.1000000,320.4500000,9740
TATN,10,20151203,114000,320.2500000,320.4000000,319.7000000,320.1000000,15150
TATN,10,20151203,115000,319.9000000,320.9000000,319.9000000,320.5000000,13030
TATN,10,20151203,120000,320.1500000,320.5000000,319.4000000,319.6000000,22100
TATN,10,20151203,121000,319.7000000,319.9500000,319.0500000,319.5500000,36180
TATN,10,20151203,122000,319.4500000,319.5500000,318.8500000,319.2000000,21240
TATN,10,20151203,123000,319.2500000,319.3500000,318.5000000,318.7000000,5790
TATN,10,20151203,124000,318.3500000,319.9000000,318.0500000,319.9000000,84240
TATN,10,20151203,125000,319.5000000,320.1500000,318.5000000,320.0000000,27830
TATN,10,20151203,130000,320.0000000,320.2000000,319.2000000,319.2000000,32190
TATN,10,20151203,131000,319.6500000,319.7000000,319.0000000,319.5000000,30120
TATN,10,20151203,132000,319.1000000,319.8500000,318.1000000,319.5000000,56560
TATN,10,20151203,133000,319.5000000,319.7000000,319.0000000,319.1500000,8410
TATN,10,20151203,134000,318.8000000,319.1500000,318.0000000,319.0000000,32650
TATN,10,20151203,135000,318.9000000,318.9500000,318.5000000,318.6000000,23130
TATN,10,20151203,140000,318.7500000,319.2500000,318.5000000,318.6500000,15850
TATN,10,20151203,141000,318.7000000,318.7000000,317.7000000,317.7000000,18630
TATN,10,20151203,142000,318.0500000,318.2000000,317.7000000,317.7000000,11110
TATN,10,20151203,143000,318.0000000,318.4000000,317.6000000,318.4000000,9100
TATN,10,20151203,144000,318.4500000,319.0000000,318.1000000,318.7000000,13490
TATN,10,20151203,145000,318.7500000,320.3000000,318.5000000,319.7500000,21710
TATN,10,20151203,150000,319.8000000,319.9000000,319.0500000,319.6000000,8310
TATN,10,20151203,151000,319.6000000,319.6500000,318.2000000,318.4000000,17680
TATN,10,20151203,152000,318.7000000,318.7000000,317.8500000,317.9000000,23060
TATN,10,20151203,153000,317.9500000,318.1500000,317.5000000,317.7500000,31730
TATN,10,20151203,154000,317.9000000,317.9000000,315.6500000,316.0000000,92320
TATN,10,20151203,155000,316.2000000,317.5500000,316.0500000,316.2500000,44510
TATN,10,20151203,160000,316.3500000,316.7000000,315.6000000,316.3000000,44840
TATN,10,20151203,161000,316.5000000,317.6500000,316.1500000,317.6500000,29770
TATN,10,20151203,162000,317.4500000,318.8500000,317.3500000,318.2500000,34740
TATN,10,20151203,163000,318.3500000,319.0000000,318.3500000,318.6500000,12260
TATN,10,20151203,164000,318.7000000,318.9500000,317.3000000,317.3500000,19350
TATN,10,20151203,165000,317.7500000,318.3500000,317.7000000,317.7500000,19840
TATN,10,20151203,170000,317.4500000,317.7000000,316.4500000,317.2500000,16640
TATN,10,20151203,171000,317.3000000,317.6000000,317.0000000,317.6000000,7320
TATN,10,20151203,172000,317.6000000,317.6000000,317.3500000,317.6000000,11560
TATN,10,20151203,173000,317.5000000,317.6000000,317.2000000,317.2000000,7960
TATN,10,20151203,174000,317.5000000,317.7500000,317.0500000,317.4000000,7420
TATN,10,20151203,175000,317.2500000,317.5000000,316.3500000,316.3500000,22500
TATN,10,20151203,180000,316.6000000,317.2500000,316.2000000,317.2000000,27990
TATN,10,20151203,181000,317.0000000,317.5000000,316.6500000,316.7000000,19090
TATN,10,20151203,182000,316.7000000,317.6500000,316.6500000,317.5500000,9200
TATN,10,20151203,183000,317.2500000,317.6500000,316.5500000,316.7000000,28600
TATN,10,20151203,184000,316.7000000,318.8500000,316.6500000,318.1000000,85420
TATN,10,20151203,185000,316.9000000,316.9000000,316.9000000,316.9000000,57710
TATN,10,20151204,101000,317.5500000,318.9500000,317.5000000,317.6500000,23630
TATN,10,20151204,102000,317.9000000,318.6500000,317.6500000,318.2500000,18330
TATN,10,20151204,103000,318.0500000,318.0500000,317.8000000,317.9500000,1550
TATN,10,20151204,104000,317.7500000,317.7500000,316.5500000,317.0000000,12130
TATN,10,20151204,105000,317.0000000,317.6500000,317.0000000,317.6500000,540
TATN,10,20151204,110000,317.4500000,317.4500000,316.2500000,316.7000000,17430
TATN,10,20151204,111000,316.9000000,317.2500000,316.1500000,317.2500000,18290
TATN,10,20151204,112000,317.2000000,317.4500000,316.9000000,317.0500000,5430
TATN,10,20151204,113000,317.1000000,317.8500000,317.1000000,317.6000000,13110
TATN,10,20151204,114000,317.7000000,317.7500000,316.1500000,316.3000000,39830
TATN,10,20151204,115000,316.7000000,316.9000000,316.2000000,316.2500000,9210
TATN,10,20151204,120000,316.4000000,317.1000000,316.1000000,317.1000000,12820
TATN,10,20151204,121000,316.7000000,317.8500000,316.7000000,317.2500000,17090
TATN,10,20151204,122000,317.2500000,317.5000000,316.8500000,317.4000000,16940
TATN,10,20151204,123000,317.4500000,318.4500000,317.2000000,318.2000000,18620
TATN,10,20151204,124000,318.1000000,318.7000000,316.7500000,316.7500000,13390
TATN,10,20151204,125000,316.8000000,317.1000000,316.1500000,317.1000000,37870
TATN,10,20151204,130000,316.8500000,318.2000000,316.8500000,317.3000000,20560
TATN,10,20151204,131000,317.3000000,318.2500000,317.3000000,317.6000000,46050
TATN,10,20151204,132000,317.4500000,317.7500000,316.6500000,317.0500000,17770
TATN,10,20151204,133000,316.8000000,316.9500000,316.2500000,316.8500000,30710
TATN,10,20151204,134000,316.5500000,316.9500000,316.2000000,316.7500000,16260
TATN,10,20151204,135000,316.4500000,316.6500000,316.0000000,316.0500000,34590
TATN,10,20151204,140000,316.3000000,316.4000000,315.3000000,315.5000000,23460
TATN,10,20151204,141000,315.5500000,315.6000000,314.3000000,315.4000000,95220
TATN,10,20151204,142000,315.4000000,316.3500000,315.4000000,316.2500000,16900
TATN,10,20151204,143000,316.3500000,316.4500000,315.6500000,315.6500000,4540
TATN,10,20151204,144000,315.5000000,315.8500000,315.0000000,315.7000000,20990
TATN,10,20151204,145000,315.5500000,315.8000000,315.2500000,315.8000000,6140
TATN,10,20151204,150000,315.8500000,316.0000000,315.3000000,315.3000000,6170
TATN,10,20151204,151000,315.2500000,315.4500000,315.0000000,315.0000000,19430
TATN,10,20151204,152000,315.0000000,315.1500000,314.5000000,314.5000000,40050
TATN,10,20151204,153000,314.5000000,314.5500000,313.8000000,314.3000000,38460
TATN,10,20151204,154000,314.1000000,314.3500000,313.1500000,313.5500000,32470
TATN,10,20151204,155000,313.5500000,314.0500000,312.6500000,313.1000000,35530
TATN,10,20151204,160000,313.3500000,313.5500000,312.3000000,312.7000000,40040
TATN,10,20151204,161000,312.8500000,312.8500000,311.0000000,311.6000000,67610
TATN,10,20151204,162000,311.9000000,313.7500000,311.6500000,312.8500000,32000
TATN,10,20151204,163000,312.8500000,312.8500000,311.5000000,311.8500000,33080
TATN,10,20151204,164000,311.9000000,313.0000000,311.5000000,312.5500000,39990
TATN,10,20151204,165000,312.7500000,312.8000000,310.6500000,310.9000000,50480
TATN,10,20151204,170000,310.9000000,311.3500000,310.0000000,310.8500000,119480
TATN,10,20151204,171000,310.8000000,311.6000000,310.0000000,310.4000000,122100
TATN,10,20151204,172000,310.3500000,310.4000000,308.2000000,308.6500000,145130
TATN,10,20151204,173000,308.6000000,310.9000000,308.4000000,310.6000000,82870
TATN,10,20151204,174000,310.3500000,310.5000000,309.0000000,309.1000000,133940
TATN,10,20151204,175000,309.1000000,310.4000000,305.2000000,307.5000000,505610
TATN,10,20151204,180000,307.5000000,308.6500000,305.6500000,305.6500000,132790
TATN,10,20151204,181000,305.6500000,308.5000000,305.3000000,308.4500000,157830
TATN,10,20151204,182000,307.9500000,311.6000000,307.9000000,309.5500000,220120
TATN,10,20151204,183000,309.5500000,310.0500000,309.0500000,309.5500000,35260
TATN,10,20151204,184000,309.5500000,313.9000000,309.5500000,313.2500000,160540
TATN,10,20151204,185000,312.0000000,312.0000000,312.0000000,312.0000000,113270
TATN,10,20151207,101000,312.8500000,312.8500000,311.1000000,311.2000000,16720
TATN,10,20151207,102000,311.1500000,311.5000000,310.5500000,311.2500000,17910
TATN,10,20151207,103000,311.2500000,312.4000000,310.8000000,312.4000000,23200
TATN,10,20151207,104000,312.4000000,312.4000000,311.1500000,311.5000000,16490
TATN,10,20151207,105000,311.5000000,313.2000000,311.5000000,313.2000000,19190
TATN,10,20151207,110000,313.2500000,314.4000000,313.1500000,314.0000000,37340
TATN,10,20151207,111000,314.0000000,314.5000000,313.5000000,314.0000000,32650
TATN,10,20151207,112000,313.7000000,314.2000000,313.5000000,313.5000000,19390
TATN,10,20151207,113000,313.5000000,313.7500000,311.8500000,312.2000000,20060
TATN,10,20151207,114000,312.1500000,314.2000000,311.9000000,313.7500000,70150
TATN,10,20151207,115000,313.7500000,314.1000000,313.2000000,313.7000000,13680
TATN,10,20151207,120000,313.4000000,313.4000000,310.4000000,310.4000000,42370
TATN,10,20151207,121000,310.7000000,312.8500000,310.2500000,312.7500000,21110
TATN,10,20151207,122000,312.7500000,313.6000000,312.5000000,312.5500000,31360
TATN,10,20151207,123000,312.5000000,312.5000000,309.2000000,309.8000000,56990
TATN,10,20151207,124000,309.8000000,310.4500000,309.1500000,310.1500000,38900
TATN,10,20151207,125000,310.1500000,310.5000000,309.8500000,310.0500000,25910
TATN,10,20151207,130000,310.2000000,310.2000000,309.1000000,309.6000000,30530
TATN,10,20151207,131000,309.6000000,309.9000000,309.0000000,309.7500000,9750
TATN,10,20151207,132000,309.7500000,311.1000000,308.9000000,310.9500000,23810
TATN,10,20151207,133000,310.9500000,311.2500000,310.8500000,311.1500000,13990
TATN,10,20151207,134000,311.1500000,311.5000000,310.4500000,311.2000000,18230
TATN,10,20151207,135000,311.2500000,311.3500000,309.5500000,309.9000000,14900
TATN,10,20151207,140000,309.6500000,309.7000000,308.6500000,308.9500000,17730
TATN,10,20151207,141000,308.9500000,309.1500000,308.1000000,308.5000000,14460
TATN,10,20151207,142000,308.5500000,310.2000000,308.2000000,310.2000000,15270
TATN,10,20151207,143000,310.2000000,310.8000000,310.0500000,310.8000000,8780
TATN,10,20151207,144000,310.7000000,311.4000000,308.7500000,309.2000000,27110
TATN,10,20151207,145000,309.2000000,311.2500000,309.0000000,311.2500000,35600
TATN,10,20151207,150000,311.2500000,314.9500000,310.9000000,313.8500000,84990
TATN,10,20151207,151000,313.5500000,314.4500000,313.0000000,313.2500000,21790
TATN,10,20151207,152000,313.2500000,313.2500000,311.5000000,312.8500000,25240
TATN,10,20151207,153000,312.8500000,313.4500000,312.8500000,313.4500000,13890
TATN,10,20151207,154000,313.4500000,314.0000000,312.5000000,313.4000000,15100
TATN,10,20151207,155000,313.3500000,313.6000000,313.2500000,313.5000000,5360
TATN,10,20151207,160000,313.2000000,313.7000000,313.1000000,313.2500000,14080
TATN,10,20151207,161000,313.2500000,313.2500000,312.2500000,312.7000000,7420
TATN,10,20151207,162000,312.7000000,312.7500000,312.1000000,312.7000000,17390
TATN,10,20151207,163000,312.7000000,313.1000000,312.4500000,313.0000000,8760
TATN,10,20151207,164000,312.7500000,313.0500000,312.0500000,312.3000000,9750
TATN,10,20151207,165000,312.3000000,312.5000000,310.6500000,311.7000000,26770
TATN,10,20151207,170000,311.8000000,311.9000000,310.5000000,310.8500000,13360
TATN,10,20151207,171000,310.8500000,311.6500000,310.6000000,311.6500000,18680
TATN,10,20151207,172000,311.6500000,313.1000000,311.6500000,312.9000000,17890
TATN,10,20151207,173000,312.9000000,313.4000000,312.5000000,312.6500000,17000
TATN,10,20151207,174000,312.6000000,313.4500000,310.5500000,311.4000000,37630
TATN,10,20151207,175000,311.0000000,311.2500000,308.2000000,308.5000000,101700
TATN,10,20151207,180000,308.5000000,309.4500000,308.2500000,309.1000000,41590
TATN,10,20151207,181000,309.1000000,309.1500000,307.7500000,308.1500000,48030
TATN,10,20151207,182000,308.1500000,308.7000000,308.0500000,308.4500000,115790
TATN,10,20151207,183000,308.4500000,312.6500000,308.1000000,308.6000000,324050
TATN,10,20151207,184000,308.3000000,311.7000000,307.2000000,307.2000000,216260
TATN,10,20151207,185000,308.8000000,308.8000000,308.8000000,308.8000000,28120
TATN,10,20151208,101000,307.3500000,309.6500000,307.0500000,308.0000000,18560
TATN,10,20151208,102000,308.1000000,310.2000000,308.0000000,308.9500000,20450
TATN,10,20151208,103000,308.9500000,310.0000000,308.9500000,309.9500000,5890
TATN,10,20151208,104000,309.6000000,309.6000000,307.7000000,307.7000000,11100
TATN,10,20151208,105000,307.7500000,308.0000000,306.6500000,306.9500000,15510
TATN,10,20151208,110000,306.6500000,306.7000000,305.5500000,305.9000000,59810
TATN,10,20151208,111000,306.0000000,308.7000000,305.7000000,307.4500000,58250
TATN,10,20151208,112000,307.5500000,308.6500000,307.1000000,308.1500000,97470
TATN,10,20151208,113000,308.1500000,309.4500000,308.0000000,309.4500000,28240
TATN,10,20151208,114000,309.2500000,309.4500000,308.6500000,309.4500000,20810
TATN,10,20151208,115000,309.3500000,309.3500000,308.3500000,308.5000000,12830
TATN,10,20151208,120000,308.5000000,309.5000000,308.5000000,309.0000000,60510
TATN,10,20151208,121000,309.0000000,309.0000000,308.4000000,308.9000000,15660
TATN,10,20151208,122000,308.6500000,308.8500000,307.3500000,307.8000000,20010
TATN,10,20151208,123000,307.7500000,308.1000000,306.9000000,308.0000000,23710
TATN,10,20151208,124000,307.9500000,309.0000000,307.9000000,308.9000000,29930
TATN,10,20151208,125000,308.6000000,309.4500000,308.1000000,309.2000000,36520
TATN,10,20151208,130000,309.2500000,309.7000000,309.1500000,309.5000000,28080
TATN,10,20151208,131000,309.2000000,309.9500000,309.1500000,309.9500000,5910
TATN,10,20151208,132000,309.9500000,310.8000000,309.9000000,310.1500000,21800
TATN,10,20151208,133000,310.1500000,310.9500000,309.8000000,310.7500000,13290
TATN,10,20151208,134000,310.7500000,310.7500000,309.9000000,309.9500000,7110
TATN,10,20151208,135000,310.2000000,310.9000000,310.0000000,310.5500000,11730
TATN,10,20151208,140000,310.7000000,311.0000000,310.2000000,310.6000000,19200
TATN,10,20151208,141000,310.7000000,311.9000000,310.3500000,311.2500000,14350
TATN,10,20151208,142000,311.2500000,312.0000000,311.2500000,311.6500000,15540
TATN,10,20151208,143000,311.7000000,312.0000000,311.3000000,311.4000000,19360
TATN,10,20151208,144000,311.6500000,311.8500000,311.3500000,311.3500000,4220
TATN,10,20151208,145000,311.6500000,311.7000000,310.0000000,310.0000000,14050
TATN,10,20151208,150000,310.0000000,310.0000000,309.1500000,309.8500000,12750
TATN,10,20151208,151000,310.0000000,310.1000000,309.4000000,310.1000000,7880
TATN,10,20151208,152000,309.9500000,309.9500000,308.0500000,308.3500000,12240
TATN,10,20151208,153000,308.3500000,308.3500000,307.1500000,307.3000000,17000
TATN,10,20151208,154000,307.4500000,307.9000000,305.7000000,306.1000000,36240
TATN,10,20151208,155000,306.0000000,307.4000000,305.3000000,307.2000000,50580
TATN,10,20151208,160000,307.2000000,307.2000000,306.0500000,306.0500000,22800
TATN,10,20151208,161000,306.2500000,307.1000000,305.7500000,306.9500000,15940
TATN,10,20151208,162000,307.0000000,307.4500000,306.4500000,306.8000000,23490
TATN,10,20151208,163000,307.1500000,307.5000000,306.2000000,306.4500000,23890
TATN,10,20151208,164000,306.2000000,306.4500000,305.8000000,306.0500000,12320
TATN,10,20151208,165000,306.0500000,306.1500000,304.5000000,304.9000000,179770
TATN,10,20151208,170000,304.8500000,305.9500000,304.7000000,305.1000000,52340
TATN,10,20151208,171000,305.2000000,307.3500000,305.1000000,306.0000000,223290
TATN,10,20151208,172000,305.7000000,306.1500000,304.6000000,305.4500000,39050
TATN,10,20151208,173000,305.3000000,306.3500000,304.8000000,306.1500000,31780
TATN,10,20151208,174000,306.3500000,306.3500000,304.6000000,304.8500000,16680
TATN,10,20151208,175000,304.7500000,306.3000000,304.5000000,306.1500000,54250
TATN,10,20151208,180000,306.2500000,306.5000000,305.2500000,305.3500000,32120
TATN,10,20151208,181000,305.4000000,307.0500000,305.4000000,306.8000000,31820
TATN,10,20151208,182000,306.9000000,307.0000000,305.5500000,305.8500000,18790
TATN,10,20151208,183000,305.8000000,305.8500000,304.0500000,304.1000000,87250
TATN,10,20151208,184000,304.4000000,305.9000000,304.4000000,304.8000000,184600
TATN,10,20151208,185000,304.9000000,304.9000000,304.9000000,304.9000000,40680
TATN,10,20151209,101000,306.0000000,306.6000000,305.3000000,306.1000000,18280
TATN,10,20151209,102000,306.2000000,306.7500000,305.7000000,305.7000000,15320
TATN,10,20151209,103000,305.9000000,306.3000000,305.3000000,306.3000000,15750
TATN,10,20151209,104000,306.3000000,306.6000000,305.8500000,305.8500000,4270
TATN,10,20151209,105000,306.4000000,306.9500000,306.0500000,306.7000000,7960
TATN,10,20151209,110000,306.5500000,308.0000000,306.5500000,306.9000000,16020
TATN,10,20151209,111000,307.0500000,311.2000000,307.0500000,310.8500000,121460
TATN,10,20151209,112000,310.9000000,312.6000000,310.0000000,311.9500000,88570
TATN,10,20151209,113000,311.6500000,312.4000000,310.8500000,312.0500000,25670
TATN,10,20151209,114000,311.8000000,312.0000000,311.1000000,311.7500000,20070
TATN,10,20151209,115000,311.7000000,311.7000000,310.7000000,311.0000000,30830
TATN,10,20151209,120000,311.0000000,312.0500000,310.6000000,311.9500000,28800
TATN,10,20151209,121000,311.9000000,312.2000000,311.0500000,312.1500000,25420
TATN,10,20151209,122000,312.1500000,312.4000000,311.6000000,312.0000000,37990
TATN,10,20151209,123000,312.0000000,312.5000000,311.9500000,312.3500000,15440
TATN,10,20151209,124000,312.4000000,313.9000000,312.4000000,313.6500000,69200
TATN,10,20151209,125000,313.6500000,313.9000000,312.6500000,312.6500000,25820
TATN,10,20151209,130000,312.6000000,313.5000000,312.5000000,313.4000000,30900
TATN,10,20151209,131000,313.3500000,314.3000000,313.0000000,314.3000000,50920
TATN,10,20151209,132000,314.1000000,315.5000000,313.5000000,314.5000000,52640
TATN,10,20151209,133000,314.3000000,315.7000000,314.1500000,315.7000000,16530
TATN,10,20151209,134000,315.7500000,315.7500000,314.8500000,314.8500000,12670
TATN,10,20151209,135000,315.0000000,315.4000000,314.9500000,315.3500000,12650
TATN,10,20151209,140000,315.4000000,315.7000000,314.9500000,315.7000000,16040
TATN,10,20151209,141000,315.7500000,316.5500000,315.5000000,316.1500000,38220
TATN,10,20151209,142000,316.1500000,316.5000000,315.9000000,316.4000000,15530
TATN,10,20151209,143000,316.1000000,316.4000000,315.8500000,316.1500000,30330
TATN,10,20151209,144000,316.1500000,316.4000000,315.5000000,315.5000000,40490
TATN,10,20151209,145000,315.5500000,315.6000000,313.7000000,314.8000000,81350
TATN,10,20151209,150000,314.6500000,314.6500000,313.4000000,313.9500000,33770
TATN,10,20151209,151000,313.9500000,316.0000000,313.3000000,315.5000000,33180
TATN,10,20151209,152000,315.4000000,316.0000000,315.1500000,315.4000000,29130
TATN,10,20151209,153000,315.3000000,315.4000000,313.8000000,314.3500000,40350
TATN,10,20151209,154000,314.1500000,314.4000000,313.6500000,314.0500000,11580
TATN,10,20151209,155000,314.0000000,314.3500000,312.9500000,313.8000000,42110
TATN,10,20151209,160000,313.8500000,314.7500000,313.4500000,314.1000000,18960
TATN,10,20151209,161000,313.9500000,314.5500000,313.2500000,314.0000000,29670
TATN,10,20151209,162000,314.2500000,314.3000000,313.5500000,314.1000000,12440
TATN,10,20151209,163000,314.0000000,314.0500000,313.5000000,314.0000000,7470
TATN,10,20151209,164000,313.9500000,316.0000000,313.9500000,315.9500000,49400
TATN,10,20151209,165000,315.9500000,316.9000000,315.6000000,316.8500000,57740
TATN,10,20151209,170000,316.8500000,317.0000000,314.5000000,315.1000000,40040
TATN,10,20151209,171000,315.0500000,316.5000000,315.0500000,315.9500000,44430
TATN,10,20151209,172000,315.9500000,316.1500000,315.0500000,315.6000000,29810
TATN,10,20151209,173000,315.1500000,316.0000000,314.5500000,314.7500000,21320
TATN,10,20151209,174000,314.6000000,315.0000000,314.3500000,314.4000000,17530
TATN,10,20151209,175000,314.3500000,315.5000000,314.3000000,314.6000000,49680
TATN,10,20151209,180000,314.4000000,314.4000000,312.1500000,312.6500000,55270
TATN,10,20151209,181000,312.9000000,314.6000000,312.7000000,314.0500000,20600
TATN,10,20151209,182000,314.1000000,315.5000000,313.3000000,313.3000000,84750
TATN,10,20151209,183000,313.5000000,315.0000000,312.9500000,313.3000000,40950
TATN,10,20151209,184000,313.4500000,314.0000000,310.1000000,311.1500000,267350
TATN,10,20151209,185000,311.6000000,311.6000000,311.6000000,311.6000000,15700
TATN,10,20151210,101000,311.2500000,312.7500000,311.2500000,311.8500000,13660
TATN,10,20151210,102000,311.8500000,312.2500000,311.0500000,311.1500000,16350
TATN,10,20151210,103000,311.1500000,311.6500000,311.0500000,311.6500000,11810
TATN,10,20151210,104000,311.7000000,312.8000000,311.6500000,312.7000000,18350
TATN,10,20151210,105000,312.7500000,315.6000000,312.7500000,314.9500000,29860
TATN,10,20151210,110000,314.9500000,316.0000000,314.8500000,315.9500000,42450
TATN,10,20151210,111000,315.5500000,315.7500000,314.2500000,314.9500000,42940
TATN,10,20151210,112000,314.7500000,315.4500000,314.1000000,314.6500000,89550
TATN,10,20151210,113000,314.7000000,314.8500000,314.2000000,314.4000000,37250
TATN,10,20151210,114000,314.2000000,314.8000000,313.3500000,314.6500000,51890
TATN,10,20151210,115000,314.6000000,315.6000000,313.8000000,314.3000000,51720
TATN,10,20151210,120000,314.3500000,316.1500000,314.3500000,316.1500000,52930
TATN,10,20151210,121000,316.1500000,316.4000000,313.9500000,314.8000000,58300
TATN,10,20151210,122000,314.8000000,315.0000000,314.6000000,315.0000000,1980
TATN,10,20151210,123000,315.0500000,315.1000000,314.6500000,314.9500000,40220
TATN,10,20151210,124000,314.9500000,315.0000000,314.4500000,314.4500000,29540
TATN,10,20151210,125000,314.7500000,314.9500000,314.0000000,314.4000000,36250
TATN,10,20151210,130000,314.4000000,315.0000000,314.4000000,315.0000000,48850
TATN,10,20151210,131000,314.9500000,315.0000000,314.3000000,314.4500000,15490
TATN,10,20151210,132000,314.5000000,314.9500000,314.4500000,314.9500000,4550
TATN,10,20151210,133000,314.9500000,314.9500000,314.0500000,314.5000000,18260
TATN,10,20151210,134000,314.2500000,314.3500000,313.5000000,314.1000000,50410
TATN,10,20151210,135000,314.3000000,314.5500000,313.8000000,314.4500000,10390
TATN,10,20151210,140000,314.3500000,314.5000000,314.0500000,314.3500000,15950
TATN,10,20151210,141000,314.4500000,314.5500000,313.5500000,313.6000000,48630
TATN,10,20151210,142000,313.9000000,314.6500000,313.9000000,314.6500000,11920
TATN,10,20151210,143000,314.5000000,315.1500000,314.3000000,315.0000000,16510
TATN,10,20151210,144000,315.1000000,315.3000000,314.7000000,315.0500000,47400
TATN,10,20151210,145000,314.7500000,315.2000000,314.3000000,314.8000000,46460
TATN,10,20151210,150000,314.8000000,315.3500000,314.7000000,315.1000000,21640
TATN,10,20151210,151000,314.7500000,315.2500000,314.7000000,314.7000000,7260
TATN,10,20151210,152000,314.8500000,315.2000000,314.5000000,314.5000000,5280
TATN,10,20151210,153000,314.8000000,315.4500000,314.6500000,314.7000000,34880
TATN,10,20151210,154000,314.7000000,315.2000000,314.4000000,314.9500000,32390
TATN,10,20151210,155000,315.0500000,315.2000000,314.4000000,314.7000000,12680
TATN,10,20151210,160000,314.6500000,315.0000000,314.0500000,314.9000000,33930
TATN,10,20151210,161000,314.9000000,315.1000000,314.2000000,314.2000000,25030
TATN,10,20151210,162000,314.2000000,314.7500000,314.0000000,314.0000000,34160
TATN,10,20151210,163000,314.0000000,315.0000000,313.8000000,315.0000000,19220
TATN,10,20151210,164000,315.0000000,315.3000000,314.5500000,314.9000000,30810
TATN,10,20151210,165000,314.9000000,315.2000000,314.5000000,315.0000000,5270
TATN,10,20151210,170000,315.1500000,315.3500000,314.7000000,314.8500000,10840
TATN,10,20151210,171000,314.9500000,315.5500000,314.8500000,314.8500000,32940
TATN,10,20151210,172000,315.1000000,315.3500000,314.3500000,315.0000000,72400
TATN,10,20151210,173000,315.1500000,315.8000000,313.5500000,313.5500000,34940
TATN,10,20151210,174000,313.5500000,314.4500000,313.5500000,313.5500000,16780
TATN,10,20151210,175000,313.6000000,314.2500000,312.7500000,313.0500000,50410
TATN,10,20151210,180000,313.0500000,313.9000000,312.1000000,312.3000000,46500
TATN,10,20151210,181000,312.3000000,314.1500000,312.3000000,313.7500000,41890
TATN,10,20151210,182000,313.7500000,314.7000000,313.4500000,314.7000000,39860
TATN,10,20151210,183000,314.6500000,315.3000000,314.0000000,314.3000000,143350
TATN,10,20151210,184000,314.5500000,314.5500000,312.2000000,312.5000000,170740
TATN,10,20151210,185000,314.2000000,314.2000000,314.2000000,314.2000000,30840
TATN,10,20151211,101000,313.1000000,313.6500000,312.0000000,312.5000000,22270
TATN,10,20151211,102000,312.5000000,313.0000000,312.3000000,312.8500000,6480
TATN,10,20151211,103000,312.9000000,312.9000000,312.0000000,312.1500000,14920
TATN,10,20151211,104000,312.1500000,312.2000000,311.5500000,312.0000000,10360
TATN,10,20151211,105000,311.9500000,312.0000000,310.9000000,310.9500000,13130
TATN,10,20151211,110000,311.4500000,312.0000000,310.8500000,311.3000000,6500
TATN,10,20151211,111000,311.3000000,313.0000000,310.9000000,311.1000000,56550
TATN,10,20151211,112000,311.2000000,312.5000000,311.0000000,311.7500000,17470
TATN,10,20151211,113000,311.5500000,312.4500000,311.5500000,312.4000000,14290
TATN,10,20151211,114000,312.4000000,313.2500000,311.8500000,312.8500000,16720
TATN,10,20151211,115000,313.2000000,313.2500000,311.4000000,311.6000000,9680
TATN,10,20151211,120000,311.6500000,312.9500000,311.5000000,312.6000000,38380
TATN,10,20151211,121000,312.6000000,312.6500000,311.3500000,311.5500000,28430
TATN,10,20151211,122000,311.5500000,312.4000000,311.5500000,311.9500000,7880
TATN,10,20151211,123000,311.8000000,312.3500000,311.5500000,311.8000000,8830
TATN,10,20151211,124000,311.8500000,311.8500000,310.3000000,310.3500000,31140
TATN,10,20151211,125000,310.3500000,310.5000000,310.2000000,310.2000000,21480
TATN,10,20151211,130000,310.2000000,310.7000000,309.8000000,310.3000000,48940
TATN,10,20151211,131000,310.1000000,310.5000000,309.5500000,309.9000000,35730
TATN,10,20151211,132000,309.7500000,311.3500000,309.7000000,311.3500000,7710
TATN,10,20151211,133000,311.3000000,312.2500000,310.6500000,312.2000000,13440
TATN,10,20151211,134000,311.9500000,312.6500000,311.2500000,312.3500000,29910
TATN,10,20151211,135000,312.4000000,313.5000000,312.0500000,313.2500000,37670
TATN,10,20151211,140000,313.2500000,313.4500000,312.4000000,313.0500000,24730
TATN,10,20151211,141000,313.1500000,313.4000000,312.8000000,313.3500000,5140
TATN,10,20151211,142000,313.3500000,313.3500000,312.0500000,312.0500000,4000
TATN,10,20151211,143000,312.0000000,312.3500000,312.0000000,312.3500000,5340
TATN,10,20151211,144000,312.1000000,313.1000000,312.0500000,312.7500000,11260
TATN,10,20151211,145000,313.1500000,313.4500000,312.7500000,312.9500000,10250
TATN,10,20151211,150000,312.8000000,313.4000000,312.5500000,313.1500000,9530
TATN,10,20151211,151000,313.0500000,313.3500000,312.4500000,313.1500000,11460
TATN,10,20151211,152000,313.2500000,313.5000000,312.8500000,313.3000000,12690
TATN,10,20151211,153000,313.0000000,313.3000000,312.9500000,313.0000000,19670
TATN,10,20151211,154000,313.1500000,313.4000000,312.7500000,313.0500000,7150
TATN,10,20151211,155000,313.1000000,313.3000000,312.8500000,312.9500000,10770
TATN,10,20151211,160000,313.0500000,313.4000000,312.6500000,313.0000000,45110
TATN,10,20151211,161000,312.9500000,313.3500000,312.6000000,312.7000000,28830
TATN,10,20151211,162000,312.8500000,313.2000000,312.2500000,312.3500000,32210
TATN,10,20151211,163000,312.3500000,312.6500000,311.9000000,312.4500000,12520
TATN,10,20151211,164000,312.4500000,313.2500000,312.1000000,313.0000000,24970
TATN,10,20151211,165000,312.9000000,313.2000000,312.1500000,312.1500000,18010
TATN,10,20151211,170000,312.1500000,312.8500000,312.0000000,312.4500000,13730
TATN,10,20151211,171000,312.4500000,313.2500000,312.3500000,312.4500000,35300
TATN,10,20151211,172000,312.4500000,313.2000000,312.1000000,312.8000000,50370
TATN,10,20151211,173000,312.9000000,313.1500000,312.0000000,312.5500000,19390
TATN,10,20151211,174000,312.4000000,312.7000000,311.9500000,312.5500000,10230
TATN,10,20151211,175000,312.5000000,312.6000000,311.5500000,312.3000000,20620
TATN,10,20151211,180000,312.0500000,312.1500000,311.5000000,311.6000000,10450
TATN,10,20151211,181000,311.6500000,311.6500000,310.5000000,310.5000000,28870
TATN,10,20151211,182000,310.5000000,310.8500000,310.3000000,310.7500000,11060
TATN,10,20151211,183000,310.7500000,312.4500000,310.2500000,312.4500000,28170
TATN,10,20151211,184000,312.4000000,312.7000000,307.1000000,307.1000000,192710
TATN,10,20151211,185000,310.0000000,310.0000000,310.0000000,310.0000000,35110
TATN,10,20151214,101000,307.9000000,308.9000000,306.1000000,308.1000000,30490
TATN,10,20151214,102000,308.1500000,308.4000000,308.0000000,308.0000000,17450
TATN,10,20151214,103000,308.0000000,308.9000000,308.0000000,308.4500000,6970
TATN,10,20151214,104000,308.4500000,308.7000000,308.1500000,308.1500000,4060
TATN,10,20151214,105000,308.2000000,308.4500000,308.1500000,308.1500000,4700
TATN,10,20151214,110000,308.1500000,308.5000000,308.1500000,308.5000000,2080
TATN,10,20151214,111000,308.4500000,308.8000000,308.0000000,308.7500000,97100
TATN,10,20151214,112000,308.8500000,310.6000000,308.3500000,309.6000000,53680
TATN,10,20151214,113000,309.2000000,309.7500000,308.7500000,309.5000000,12210
TATN,10,20151214,114000,309.3000000,309.3000000,307.0000000,307.6000000,33570
TATN,10,20151214,115000,307.3000000,307.9000000,307.0000000,307.0000000,77060
TATN,10,20151214,120000,307.0000000,307.8500000,306.8000000,307.8500000,54850
TATN,10,20151214,121000,307.8000000,308.7500000,307.6000000,307.9000000,9860
TATN,10,20151214,122000,307.9000000,308.4500000,307.2000000,308.4500000,9200
TATN,10,20151214,123000,308.4500000,308.7000000,308.2500000,308.4000000,3310
TATN,10,20151214,124000,308.4000000,308.7000000,307.3000000,307.9000000,4070
TATN,10,20151214,125000,307.4500000,307.4500000,306.1000000,306.9500000,22450
TATN,10,20151214,130000,306.7000000,307.5500000,306.6500000,307.3000000,12490
TATN,10,20151214,131000,307.1500000,307.1500000,306.1500000,306.2500000,20620
TATN,10,20151214,132000,306.4000000,306.6500000,306.1000000,306.3500000,36410
TATN,10,20151214,133000,306.3500000,307.1500000,306.3000000,306.3500000,15660
TATN,10,20151214,134000,306.4000000,307.9500000,306.0000000,307.1000000,37130
TATN,10,20151214,135000,306.9500000,307.0000000,306.3500000,307.0000000,4830
TATN,10,20151214,140000,306.9000000,307.0000000,306.3500000,306.3500000,6260
TATN,10,20151214,141000,306.5000000,306.8500000,306.2000000,306.8000000,12560
TATN,10,20151214,142000,306.9000000,307.3500000,306.8000000,306.8500000,8860
TATN,10,20151214,143000,307.0000000,307.0500000,306.1500000,306.1500000,7880
TATN,10,20151214,144000,306.1500000,306.6000000,305.0000000,305.2500000,76100
TATN,10,20151214,145000,305.2500000,306.5000000,305.0500000,305.9500000,29030
TATN,10,20151214,150000,306.0000000,306.6500000,305.9000000,306.0500000,10190
TATN,10,20151214,151000,306.4000000,306.5000000,305.9000000,305.9000000,1780
TATN,10,20151214,152000,306.0000000,306.4000000,304.6500000,304.7000000,54900
TATN,10,20151214,153000,304.6500000,305.2000000,304.2000000,304.8500000,28860
TATN,10,20151214,154000,304.6000000,305.3500000,304.6000000,305.0500000,30790
TATN,10,20151214,155000,305.0500000,305.3000000,305.0000000,305.1000000,27830
TATN,10,20151214,160000,305.1000000,306.4500000,304.9000000,306.4500000,26830
TATN,10,20151214,161000,306.4500000,306.4500000,304.3500000,304.3500000,20430
TATN,10,20151214,162000,304.3500000,304.4000000,303.8500000,304.4000000,6030
TATN,10,20151214,163000,304.4000000,304.4500000,303.4500000,303.5000000,14360
TATN,10,20151214,164000,303.5000000,304.7000000,303.5000000,304.6500000,11950
TATN,10,20151214,165000,304.6500000,304.9500000,303.6000000,303.9000000,19340
TATN,10,20151214,170000,303.9500000,307.4500000,303.9500000,306.8000000,43800
TATN,10,20151214,171000,306.8000000,308.9000000,306.0000000,306.2500000,54000
TATN,10,20151214,172000,306.3500000,306.6500000,305.6000000,305.9000000,35120
TATN,10,20151214,173000,305.9000000,306.8000000,305.8500000,306.5500000,13310
TATN,10,20151214,174000,306.4500000,306.7500000,305.7000000,305.7500000,26270
TATN,10,20151214,175000,306.0500000,306.3000000,305.0000000,305.0000000,18150
TATN,10,20151214,180000,304.8000000,305.0000000,304.0000000,304.0000000,87090
TATN,10,20151214,181000,304.2500000,304.7500000,303.3500000,304.0000000,56900
TATN,10,20151214,182000,304.1000000,304.2500000,302.6000000,303.4500000,103230
TATN,10,20151214,183000,303.4500000,303.7000000,303.0000000,303.3000000,59550
TATN,10,20151214,184000,303.3500000,305.1000000,303.0000000,305.1000000,170490
TATN,10,20151214,185000,303.8000000,303.8000000,303.8000000,303.8000000,7260
TATN,10,20151215,101000,305.3500000,306.1500000,305.0500000,305.4500000,26570
TATN,10,20151215,102000,305.4000000,306.6500000,305.1000000,306.1000000,24140
TATN,10,20151215,103000,306.5000000,307.3500000,305.5000000,305.5000000,72080
TATN,10,20151215,104000,305.5000000,305.7000000,305.1000000,305.5000000,10220
TATN,10,20151215,105000,305.6000000,306.7000000,305.6000000,306.7000000,8450
TATN,10,20151215,110000,306.7000000,307.8500000,306.0000000,306.0000000,23340
TATN,10,20151215,111000,306.2000000,308.0000000,305.7500000,307.9500000,38410
TATN,10,20151215,112000,307.9500000,308.7000000,307.9000000,308.6000000,64440
TATN,10,20151215,113000,308.2000000,308.6500000,308.0000000,308.0000000,40190
TATN,10,20151215,114000,308.0000000,308.6500000,307.8000000,308.3500000,51850
TATN,10,20151215,115000,308.0500000,308.3000000,307.6000000,308.3000000,28330
TATN,10,20151215,120000,308.3000000,309.9000000,308.2000000,309.4500000,122090
TATN,10,20151215,121000,309.6500000,311.7000000,309.3000000,309.3000000,150360
TATN,10,20151215,122000,309.5500000,310.7000000,309.1000000,310.6000000,41540
TATN,10,20151215,123000,310.7000000,312.9000000,310.6000000,312.2500000,125940
TATN,10,20151215,124000,312.1500000,314.6500000,312.0000000,313.3500000,111530
TATN,10,20151215,125000,313.3500000,313.6000000,313.0000000,313.2500000,28910
TATN,10,20151215,130000,313.1500000,314.0000000,313.0000000,313.5500000,26040
TATN,10,20151215,131000,313.5500000,314.0000000,313.5500000,313.9500000,30550
TATN,10,20151215,132000,313.9000000,314.0000000,313.2000000,313.3500000,57100
TATN,10,20151215,133000,313.3000000,314.0000000,313.1500000,313.4500000,25490
TATN,10,20151215,134000,313.3000000,314.0000000,313.1000000,313.8000000,48680
TATN,10,20151215,135000,313.9500000,314.4500000,313.6500000,313.6500000,99090
TATN,10,20151215,140000,313.6000000,314.1000000,313.1500000,313.9000000,23720
TATN,10,20151215,141000,313.7500000,314.0000000,313.4000000,313.9500000,19390
TATN,10,20151215,142000,314.0000000,314.0000000,313.7000000,313.8000000,52450
TATN,10,20151215,143000,313.7000000,314.0000000,313.4500000,313.6500000,94010
TATN,10,20151215,144000,313.6000000,313.8500000,313.0500000,313.8500000,42130
TATN,10,20151215,145000,313.8500000,314.0000000,313.8000000,313.9500000,20140
TATN,10,20151215,150000,313.7500000,314.0000000,313.6000000,313.9000000,24010
TATN,10,20151215,151000,313.9500000,315.7500000,313.7000000,315.0000000,207040
TATN,10,20151215,152000,315.0000000,315.0000000,314.3500000,314.8000000,41940
TATN,10,20151215,153000,314.6500000,315.0000000,314.6500000,315.0000000,37300
TATN,10,20151215,154000,314.8500000,315.0000000,313.7000000,314.3000000,42290
TATN,10,20151215,155000,314.4000000,314.5500000,313.5000000,314.5000000,35890
TATN,10,20151215,160000,314.5500000,314.8500000,313.6500000,314.3000000,50020
TATN,10,20151215,161000,314.0500000,314.8500000,313.6500000,314.0500000,35780
TATN,10,20151215,162000,314.0500000,314.0500000,313.1500000,313.1500000,27950
TATN,10,20151215,163000,313.3000000,313.5000000,312.1500000,313.2000000,32910
TATN,10,20151215,164000,313.2000000,313.9000000,312.7000000,313.8000000,35090
TATN,10,20151215,165000,313.7500000,314.0000000,313.1000000,313.8500000,54750
TATN,10,20151215,170000,313.9500000,314.0000000,313.1000000,313.3000000,59500
TATN,10,20151215,171000,313.3000000,314.0000000,312.4500000,313.6500000,41870
TATN,10,20151215,172000,313.7500000,314.0000000,313.0000000,313.2500000,38830
TATN,10,20151215,173000,313.1500000,313.3500000,312.6000000,312.9000000,13580
TATN,10,20151215,174000,312.8000000,314.0000000,312.7000000,314.0000000,85690
TATN,10,20151215,175000,314.0000000,316.6000000,313.3500000,316.4500000,235370
TATN,10,20151215,180000,316.4500000,316.6000000,315.5000000,315.9000000,23650
TATN,10,20151215,181000,315.7500000,316.0000000,315.0000000,315.5000000,31570
TATN,10,20151215,182000,315.5000000,316.1000000,315.0000000,315.7000000,114270
TATN,10,20151215,183000,315.5500000,316.6000000,315.2500000,315.2500000,48510
TATN,10,20151215,184000,315.2500000,317.0000000,315.2000000,315.2000000,161250
TATN,10,20151215,185000,316.6000000,316.6000000,316.6000000,316.6000000,33820
TATN,10,20151216,101000,317.0000000,318.4500000,316.5000000,317.6000000,27100
TATN,10,20151216,102000,317.9000000,318.0000000,316.6500000,316.6500000,16480
TATN,10,20151216,103000,316.6500000,317.0000000,316.5000000,316.5000000,3360
TATN,10,20151216,104000,316.9000000,316.9000000,316.2000000,316.7500000,4680
TATN,10,20151216,105000,316.5000000,317.2000000,316.2000000,317.2000000,6170
TATN,10,20151216,110000,317.2000000,317.3500000,317.0000000,317.3500000,2080
TATN,10,20151216,111000,317.0000000,319.6500000,316.5500000,319.6500000,94220
TATN,10,20151216,112000,319.5500000,319.8000000,318.8000000,319.2500000,50530
TATN,10,20151216,113000,319.3500000,322.7000000,319.0500000,321.8500000,228080
TATN,10,20151216,114000,321.3000000,321.6500000,319.4500000,319.8500000,26360
TATN,10,20151216,115000,319.6500000,320.0000000,319.3500000,319.9500000,26810
TATN,10,20151216,120000,319.8000000,321.0000000,319.3000000,321.0000000,45380
TATN,10,20151216,121000,320.8000000,320.9000000,318.4000000,319.7000000,34050
TATN,10,20151216,122000,319.4000000,319.9000000,317.0500000,317.9000000,59520
TATN,10,20151216,123000,317.7000000,318.1500000,316.1500000,316.2000000,30180
TATN,10,20151216,124000,316.2000000,316.2000000,314.6500000,315.4500000,71110
TATN,10,20151216,125000,315.7500000,316.3000000,315.0500000,316.1500000,27610
TATN,10,20151216,130000,316.0000000,318.5000000,316.0000000,318.4500000,26180
TATN,10,20151216,131000,318.4500000,319.0000000,317.9500000,317.9500000,44460
TATN,10,20151216,132000,317.7000000,318.6500000,317.5000000,318.6000000,26910
TATN,10,20151216,133000,318.5500000,319.0000000,318.5500000,318.9500000,23740
TATN,10,20151216,134000,318.9000000,318.9000000,318.1000000,318.4500000,14710
TATN,10,20151216,135000,318.3500000,318.9500000,318.2500000,318.9000000,27610
TATN,10,20151216,140000,318.7500000,318.7500000,317.5500000,317.5500000,13730
TATN,10,20151216,141000,317.5500000,317.9500000,316.3500000,317.7500000,15180
TATN,10,20151216,142000,318.0000000,318.7500000,317.6000000,317.9500000,29400
TATN,10,20151216,143000,317.7000000,318.6500000,317.7000000,318.0500000,12050
TATN,10,20151216,144000,318.0500000,318.0500000,316.5500000,316.6000000,10170
TATN,10,20151216,145000,316.7500000,317.6500000,316.5500000,316.8000000,25770
TATN,10,20151216,150000,316.7000000,317.2000000,315.7500000,315.7500000,21980
TATN,10,20151216,151000,316.0500000,317.3000000,315.0500000,316.1000000,48320
TATN,10,20151216,152000,316.1500000,316.9000000,315.9500000,316.4000000,40230
TATN,10,20151216,153000,316.3000000,316.5000000,315.5000000,315.9500000,38490
TATN,10,20151216,154000,315.8500000,316.1000000,315.3000000,315.5000000,21440
TATN,10,20151216,155000,315.5000000,316.3000000,315.0000000,315.0500000,33030
TATN,10,20151216,160000,315.0500000,316.1000000,315.0000000,315.4500000,35070
TATN,10,20151216,161000,315.7500000,316.0000000,315.0000000,315.4000000,49420
TATN,10,20151216,162000,315.3500000,316.8000000,315.1500000,315.7500000,42700
TATN,10,20151216,163000,315.8500000,316.5000000,315.5500000,315.8500000,24420
TATN,10,20151216,164000,315.5500000,316.3500000,315.3000000,316.3500000,24400
TATN,10,20151216,165000,316.1500000,318.7000000,315.9500000,318.6000000,192270
TATN,10,20151216,170000,318.5000000,318.7500000,317.6000000,317.8500000,23570
TATN,10,20151216,171000,317.6000000,318.3000000,316.2000000,316.5500000,35130
TATN,10,20151216,172000,316.8000000,317.8000000,316.8000000,317.2000000,31350
TATN,10,20151216,173000,316.8500000,317.0500000,315.6500000,316.0500000,31630
TATN,10,20151216,174000,316.1000000,317.6500000,315.7000000,316.5500000,58470
TATN,10,20151216,175000,316.5500000,318.4500000,316.5000000,317.8500000,47640
TATN,10,20151216,180000,317.8000000,318.1500000,317.0500000,318.0000000,48780
TATN,10,20151216,181000,318.0000000,318.0500000,316.3500000,316.7000000,63790
TATN,10,20151216,182000,316.6000000,317.7000000,316.2000000,317.1000000,57420
TATN,10,20151216,183000,317.1000000,317.1500000,315.1500000,315.2500000,79150
TATN,10,20151216,184000,315.2500000,316.4000000,313.0500000,313.0500000,205770
TATN,10,20151216,185000,313.4000000,313.4000000,313.4000000,313.4000000,76900
TATN,10,20151217,101000,315.0000000,316.4000000,314.4000000,315.0000000,24020
TATN,10,20151217,102000,315.0000000,316.7000000,315.0000000,316.5500000,41120
TATN,10,20151217,103000,316.5500000,318.1500000,316.5500000,317.6000000,32120
TATN,10,20151217,104000,317.9000000,317.9500000,316.0000000,316.7000000,26360
TATN,10,20151217,105000,316.7500000,318.6500000,316.7500000,318.0500000,30510
TATN,10,20151217,110000,318.1000000,318.5000000,316.1000000,316.1500000,17770
TATN,10,20151217,111000,316.1500000,316.2000000,314.3000000,314.3000000,39180
TATN,10,20151217,112000,314.3000000,316.0000000,314.3000000,316.0000000,22000
TATN,10,20151217,113000,315.8000000,315.9500000,315.4000000,315.7000000,8370
TATN,10,20151217,114000,315.5000000,315.7500000,313.4500000,313.6500000,68970
TATN,10,20151217,115000,313.7000000,314.2500000,313.5000000,313.7000000,13000
TATN,10,20151217,120000,313.8000000,314.1500000,312.1000000,312.2000000,61410
TATN,10,20151217,121000,312.1500000,312.8000000,311.1000000,312.1500000,63770
TATN,10,20151217,122000,312.4500000,312.6500000,311.0000000,311.0000000,37100
TATN,10,20151217,123000,311.2000000,311.4000000,308.8000000,308.8500000,69360
TATN,10,20151217,124000,308.8500000,309.1000000,308.0500000,308.7000000,52280
TATN,10,20151217,125000,308.8500000,309.7500000,308.6000000,309.0500000,19150
TATN,10,20151217,130000,309.0500000,309.0500000,307.3500000,308.5000000,103530
TATN,10,20151217,131000,308.6000000,309.7000000,308.6000000,309.4000000,24060
TATN,10,20151217,132000,309.4000000,309.7500000,309.1500000,309.3500000,51920
TATN,10,20151217,133000,309.3000000,310.0500000,309.3000000,309.6000000,31910
TATN,10,20151217,134000,309.8000000,309.8000000,308.3500000,309.0500000,33440
TATN,10,20151217,135000,309.0500000,309.8000000,309.0500000,309.6500000,12990
TATN,10,20151217,140000,309.7500000,310.3500000,309.1500000,309.4500000,47160
TATN,10,20151217,141000,309.5500000,309.6000000,308.5500000,308.8500000,7480
TATN,10,20151217,142000,308.8000000,309.3000000,308.5000000,309.3000000,15730
TATN,10,20151217,143000,309.3000000,312.7000000,309.3000000,312.7000000,133750
TATN,10,20151217,144000,312.6500000,314.7000000,310.2500000,312.7000000,126680
TATN,10,20151217,145000,312.7500000,313.9000000,312.6000000,313.5000000,39190
TATN,10,20151217,150000,313.7500000,315.1000000,313.7500000,315.1000000,46310
TATN,10,20151217,151000,314.9500000,314.9500000,313.3500000,313.8500000,63770
TATN,10,20151217,152000,313.8500000,314.2000000,312.1500000,312.1500000,29680
TATN,10,20151217,153000,312.1000000,312.6000000,310.5000000,312.4500000,41460
TATN,10,20151217,154000,312.5500000,313.7500000,312.0000000,312.4000000,39540
TATN,10,20151217,155000,312.4000000,313.2500000,311.1000000,311.5500000,53250
TATN,10,20151217,160000,311.6000000,312.5000000,311.2500000,312.0000000,20890
TATN,10,20151217,161000,312.0000000,312.9000000,311.8500000,312.9000000,27300
TATN,10,20151217,162000,312.7500000,314.0000000,312.7500000,312.9500000,24240
TATN,10,20151217,163000,312.9500000,314.2500000,312.1500000,314.2500000,18690
TATN,10,20151217,164000,314.2000000,314.8000000,313.9500000,314.6000000,24860
TATN,10,20151217,165000,314.6000000,314.8000000,314.0000000,314.7500000,29010
TATN,10,20151217,170000,314.7500000,316.6000000,314.7500000,316.2000000,59260
TATN,10,20151217,171000,316.3500000,317.9500000,316.3500000,317.7000000,72540
TATN,10,20151217,172000,317.6500000,317.6500000,316.6000000,316.9500000,36620
TATN,10,20151217,173000,316.9000000,316.9000000,315.0500000,315.7000000,55170
TATN,10,20151217,174000,315.9000000,316.6000000,314.1000000,314.1500000,61160
TATN,10,20151217,175000,314.4500000,315.3000000,313.5500000,313.5500000,75370
TATN,10,20151217,180000,313.5500000,314.9000000,312.4000000,314.9000000,113790
TATN,10,20151217,181000,314.6000000,315.7000000,313.5500000,313.8000000,53640
TATN,10,20151217,182000,313.7000000,315.0000000,313.1000000,313.1500000,41660
TATN,10,20151217,183000,313.0500000,315.0000000,313.0500000,314.9000000,32020
TATN,10,20151217,184000,315.0000000,317.0000000,314.1000000,314.1500000,122150
TATN,10,20151217,185000,318.0000000,318.0000000,318.0000000,318.0000000,189850
TATN,10,20151218,101000,316.5000000,316.9000000,313.2000000,313.4000000,35260
TATN,10,20151218,102000,313.5000000,315.8000000,313.5000000,314.9000000,34470
TATN,10,20151218,103000,314.9000000,315.5000000,314.4000000,315.5000000,8790
TATN,10,20151218,104000,315.2000000,315.5000000,314.6500000,314.6500000,4760
TATN,10,20151218,105000,314.5000000,314.5000000,313.9500000,314.0000000,11950
TATN,10,20151218,110000,314.3500000,314.5000000,312.1000000,312.1000000,21070
TATN,10,20151218,111000,312.1000000,312.1000000,309.6500000,310.0000000,59090
TATN,10,20151218,112000,309.7500000,309.9500000,308.0500000,309.9500000,90610
TATN,10,20151218,113000,309.9500000,310.2000000,308.7500000,309.1500000,28370
TATN,10,20151218,114000,308.8000000,309.1000000,308.0000000,308.9000000,83930
TATN,10,20151218,115000,308.9500000,308.9500000,305.8000000,306.0500000,142190
TATN,10,20151218,120000,306.0500000,307.1500000,305.5500000,305.9000000,91870
TATN,10,20151218,121000,305.9500000,307.0000000,305.9500000,306.2000000,30100
TATN,10,20151218,122000,306.4000000,306.8000000,305.5500000,306.1000000,44670
TATN,10,20151218,123000,306.1000000,307.8000000,306.1000000,307.1500000,32100
TATN,10,20151218,124000,307.1000000,307.4500000,306.2500000,307.4500000,33020
TATN,10,20151218,125000,307.4500000,307.7500000,306.9500000,306.9500000,9720
TATN,10,20151218,130000,306.9500000,307.7500000,306.4000000,306.7000000,19700
TATN,10,20151218,131000,306.7000000,307.3000000,306.2000000,307.1500000,23520
TATN,10,20151218,132000,307.0500000,307.4500000,307.0000000,307.4500000,57180
TATN,10,20151218,133000,307.5000000,307.7000000,307.0000000,307.3500000,39320
TATN,10,20151218,134000,307.4000000,307.4000000,307.0000000,307.0000000,46480
TATN,10,20151218,135000,307.0500000,307.4000000,306.5000000,306.6500000,23370
TATN,10,20151218,140000,306.5500000,306.9000000,306.5000000,306.5500000,57960
TATN,10,20151218,141000,306.5500000,307.0500000,306.5000000,306.7000000,98000
TATN,10,20151218,142000,306.6500000,306.6500000,305.1000000,305.3000000,64610
TATN,10,20151218,143000,305.1000000,305.4500000,305.0000000,305.0500000,25320
TATN,10,20151218,144000,305.0500000,305.1000000,302.1000000,304.3000000,131830
TATN,10,20151218,145000,304.2000000,306.5000000,304.2000000,306.5000000,53290
TATN,10,20151218,150000,306.5000000,306.5500000,304.4000000,304.4000000,11290
TATN,10,20151218,151000,304.6000000,305.3500000,304.0000000,304.5500000,13380
TATN,10,20151218,152000,304.5500000,305.5000000,304.5500000,304.7500000,9040
TATN,10,20151218,153000,305.0000000,306.6000000,304.6000000,306.5500000,11940
TATN,10,20151218,154000,306.2000000,306.2500000,304.1000000,304.5000000,9910
TATN,10,20151218,155000,304.8000000,304.8500000,303.7000000,303.9000000,16840
TATN,10,20151218,160000,303.8000000,304.4500000,303.6500000,304.3000000,10510
TATN,10,20151218,161000,304.4500000,304.7000000,303.5000000,304.1500000,15510
TATN,10,20151218,162000,304.1500000,304.2500000,303.7500000,303.9000000,8340
TATN,10,20151218,163000,303.7500000,304.0500000,303.3000000,303.8000000,28100
TATN,10,20151218,164000,303.8000000,303.8500000,303.0000000,303.1500000,39270
TATN,10,20151218,165000,303.0500000,303.7500000,302.2000000,302.6000000,88470
TATN,10,20151218,170000,302.4000000,303.4500000,302.2500000,302.6000000,20740
TATN,10,20151218,171000,302.7000000,303.1500000,302.7000000,302.8500000,5560
TATN,10,20151218,172000,302.7500000,304.5500000,302.6000000,304.0000000,85360
TATN,10,20151218,173000,304.0000000,305.1000000,304.0000000,304.1000000,100140
TATN,10,20151218,174000,304.0000000,304.7500000,303.1000000,304.4000000,83690
TATN,10,20151218,175000,304.3500000,304.8500000,304.0000000,304.3500000,42070
TATN,10,20151218,180000,304.6000000,305.4500000,304.3500000,304.6000000,26880
TATN,10,20151218,181000,304.3500000,304.6500000,303.2000000,303.2000000,45870
TATN,10,20151218,182000,303.5000000,304.5000000,303.3000000,304.0000000,58100
TATN,10,20151218,183000,304.0000000,304.4000000,303.1000000,303.1500000,97700
TATN,10,20151218,184000,303.2500000,307.5500000,303.2000000,307.0000000,357680
TATN,10,20151218,185000,303.0000000,303.0000000,303.0000000,303.0000000,234260
TATN,10,20151221,101000,303.5000000,306.0500000,303.2000000,305.1000000,102410
TATN,10,20151221,102000,305.1000000,305.5000000,304.6000000,305.1500000,26480
TATN,10,20151221,103000,305.1500000,305.8000000,304.7000000,305.5500000,21040
TATN,10,20151221,104000,305.6000000,305.9000000,304.6000000,304.7000000,12800
TATN,10,20151221,105000,304.6000000,306.0000000,304.6000000,305.3000000,14050
TATN,10,20151221,110000,305.3000000,305.6000000,304.5000000,304.9000000,14980
TATN,10,20151221,111000,304.9500000,306.3500000,304.5500000,304.5500000,38250
TATN,10,20151221,112000,304.8000000,305.2500000,303.9000000,303.9500000,17310
TATN,10,20151221,113000,304.1000000,304.9000000,303.0000000,304.5000000,29220
TATN,10,20151221,114000,304.6500000,304.6500000,303.1000000,304.5000000,28350
TATN,10,20151221,115000,304.1000000,305.5000000,303.9500000,305.5000000,46630
TATN,10,20151221,120000,305.5500000,306.2000000,304.1000000,305.4000000,74690
TATN,10,20151221,121000,305.2000000,305.3000000,303.8000000,303.8000000,13640
TATN,10,20151221,122000,304.1000000,304.4500000,303.7500000,304.0000000,29120
TATN,10,20151221,123000,303.9000000,306.2000000,303.9000000,306.0500000,43610
TATN,10,20151221,124000,306.0500000,307.0000000,305.5500000,305.5500000,56960
TATN,10,20151221,125000,305.6500000,306.7000000,305.5500000,305.6500000,13840
TATN,10,20151221,130000,305.6500000,307.2000000,305.5500000,306.5500000,53280
TATN,10,20151221,131000,306.6500000,307.2500000,306.3500000,306.8500000,31330
TATN,10,20151221,132000,306.8000000,307.4000000,306.7000000,307.2000000,19060
TATN,10,20151221,133000,307.3000000,308.5000000,307.1000000,308.4000000,74470
TATN,10,20151221,134000,308.4000000,308.4500000,307.8000000,308.4500000,11390
TATN,10,20151221,135000,308.1000000,308.1000000,307.2500000,307.2500000,9540
TATN,10,20151221,140000,307.4000000,308.1000000,307.4000000,308.0000000,9230
TATN,10,20151221,141000,308.0000000,308.9000000,308.0000000,308.7000000,12890
TATN,10,20151221,142000,308.7000000,309.0000000,306.5000000,308.0000000,73480
TATN,10,20151221,143000,308.3000000,308.6500000,307.7000000,307.8500000,13670
TATN,10,20151221,144000,307.7000000,309.3500000,307.7000000,307.7000000,41880
TATN,10,20151221,145000,307.9000000,308.2500000,306.7000000,306.7000000,22570
TATN,10,20151221,150000,306.9000000,308.4000000,306.7000000,307.4500000,40820
TATN,10,20151221,151000,307.7000000,308.9500000,307.6000000,308.5000000,22760
TATN,10,20151221,152000,308.7500000,308.8500000,306.6500000,307.4000000,37160
TATN,10,20151221,153000,307.4000000,308.1500000,306.8500000,307.6000000,24920
TATN,10,20151221,154000,307.6000000,308.5000000,306.8000000,307.6000000,34980
TATN,10,20151221,155000,307.7000000,307.8000000,306.0000000,306.7500000,20970
TATN,10,20151221,160000,306.7500000,307.9500000,305.6000000,307.9500000,40420
TATN,10,20151221,161000,307.5500000,308.4000000,306.9000000,307.7000000,14180
TATN,10,20151221,162000,307.9000000,308.1000000,307.6000000,307.6000000,4020
TATN,10,20151221,163000,307.3000000,308.0000000,307.3000000,308.0000000,8170
TATN,10,20151221,164000,307.4000000,308.0000000,307.3500000,308.0000000,8080
TATN,10,20151221,165000,308.0000000,308.0000000,306.1000000,306.1500000,17050
TATN,10,20151221,170000,306.1500000,306.4000000,305.1500000,305.5500000,50490
TATN,10,20151221,171000,305.2000000,305.4000000,303.6000000,303.7500000,80510
TATN,10,20151221,172000,303.7000000,305.1000000,303.2500000,304.6500000,39940
TATN,10,20151221,173000,304.9500000,305.4000000,304.6000000,305.4000000,9860
TATN,10,20151221,174000,305.0000000,305.6500000,304.7000000,304.8000000,16440
TATN,10,20151221,175000,304.8000000,305.9000000,304.0000000,305.9000000,47090
TATN,10,20151221,180000,305.8000000,305.9500000,304.7500000,305.9500000,11320
TATN,10,20151221,181000,305.6500000,305.9500000,304.2000000,305.2000000,16580
TATN,10,20151221,182000,305.4500000,305.9000000,305.0000000,305.3000000,13790
TATN,10,20151221,183000,305.0500000,305.0500000,304.1000000,304.2500000,12740
TATN,10,20151221,184000,304.2500000,305.6500000,302.3000000,303.2500000,180900
TATN,10,20151221,185000,306.0000000,306.0000000,306.0000000,306.0000000,95980
TATN,10,20151222,101000,306.0000000,306.9000000,304.2000000,305.4500000,37720
TATN,10,20151222,102000,305.3000000,306.0000000,305.0500000,306.0000000,7060
TATN,10,20151222,103000,306.0500000,306.7500000,305.5500000,306.6500000,9130
TATN,10,20151222,104000,306.3000000,306.7000000,306.3000000,306.5000000,4750
TATN,10,20151222,105000,306.5000000,306.6500000,305.5000000,306.0500000,11960
TATN,10,20151222,110000,306.1500000,306.2000000,305.6500000,306.0000000,2940
TATN,10,20151222,111000,305.9500000,307.4000000,304.7500000,307.3000000,39760
TATN,10,20151222,112000,307.3000000,308.0000000,306.5500000,306.8500000,47030
TATN,10,20151222,113000,306.6000000,308.0000000,305.9000000,307.5000000,36460
TATN,10,20151222,114000,307.8000000,307.8500000,306.5000000,306.7000000,18550
TATN,10,20151222,115000,306.7500000,308.0000000,306.3000000,307.5000000,45030
TATN,10,20151222,120000,307.6000000,308.0000000,307.2000000,307.2000000,40610
TATN,10,20151222,121000,307.2000000,307.4500000,307.2000000,307.2500000,3130
TATN,10,20151222,122000,307.4500000,308.0000000,307.2500000,307.5000000,15720
TATN,10,20151222,123000,307.3000000,307.5000000,307.2000000,307.2000000,5110
TATN,10,20151222,124000,307.4000000,307.8000000,307.2000000,307.2000000,30710
TATN,10,20151222,125000,307.2000000,307.6000000,307.0000000,307.4000000,30030
TATN,10,20151222,130000,307.6000000,308.0000000,307.2500000,307.4000000,30260
TATN,10,20151222,131000,307.4000000,308.5000000,307.2000000,308.4500000,113030
TATN,10,20151222,132000,308.4000000,308.6000000,307.0000000,308.3000000,118140
TATN,10,20151222,133000,308.0000000,308.1500000,307.6500000,308.0000000,201750
TATN,10,20151222,134000,307.8000000,307.8000000,307.5000000,307.7000000,340
TATN,10,20151222,135000,307.8500000,308.0000000,307.6500000,308.0000000,4400
TATN,10,20151222,140000,307.9000000,308.0000000,307.8000000,308.0000000,17430
TATN,10,20151222,141000,308.0000000,308.0000000,307.4000000,307.4000000,5660
TATN,10,20151222,142000,307.4000000,307.4000000,306.6000000,306.9000000,4350
TATN,10,20151222,143000,306.8000000,306.8000000,306.0000000,306.4500000,4510
TATN,10,20151222,144000,306.6500000,307.0000000,306.4000000,307.0000000,830
TATN,10,20151222,145000,307.1500000,307.6000000,306.4000000,307.1500000,27070
TATN,10,20151222,150000,307.2500000,307.4500000,307.2500000,307.4500000,40
TATN,10,20151222,151000,307.4500000,307.6000000,307.0500000,307.5500000,2080
TATN,10,20151222,152000,307.5000000,307.5500000,306.4000000,306.4000000,16110
TATN,10,20151222,153000,306.4000000,306.7500000,306.4000000,306.5500000,20310
TATN,10,20151222,154000,306.8000000,307.2500000,306.8000000,307.2500000,1830
TATN,10,20151222,155000,306.7500000,307.7500000,306.7500000,307.4500000,4840
TATN,10,20151222,160000,307.7500000,307.8000000,306.9000000,307.7000000,4330
TATN,10,20151222,161000,307.6500000,307.6500000,307.0500000,307.5000000,17570
TATN,10,20151222,162000,307.5000000,307.5000000,307.0000000,307.3500000,14640
TATN,10,20151222,163000,307.1000000,307.5000000,306.9000000,307.3500000,7230
TATN,10,20151222,164000,307.0000000,307.5000000,306.8000000,307.2500000,11740
TATN,10,20151222,165000,307.0000000,307.5000000,307.0000000,307.5000000,6510
TATN,10,20151222,170000,307.3000000,307.3000000,306.6000000,306.6000000,5880
TATN,10,20151222,171000,306.6000000,307.0500000,306.4000000,306.8000000,5120
TATN,10,20151222,172000,306.7500000,307.3500000,306.4500000,307.2500000,19490
TATN,10,20151222,173000,306.8500000,307.5000000,306.7500000,306.8000000,9940
TATN,10,20151222,174000,307.0500000,307.5000000,306.8500000,307.2500000,29360
TATN,10,20151222,175000,307.2500000,307.5000000,306.5000000,306.8000000,37490
TATN,10,20151222,180000,306.5500000,306.9000000,305.4500000,306.6000000,38400
TATN,10,20151222,181000,306.8000000,307.4500000,306.4000000,306.9500000,6480
TATN,10,20151222,182000,307.3000000,307.5000000,306.6500000,307.5000000,46700
TATN,10,20151222,183000,307.3500000,308.4000000,307.0000000,307.8500000,63910
TATN,10,20151222,184000,308.0000000,308.0000000,306.7500000,307.7000000,32030
TATN,10,20151222,185000,306.9000000,306.9000000,306.9000000,306.9000000,72160
TATN,10,20151223,101000,306.7500000,309.7000000,306.6000000,309.3500000,46210
TATN,10,20151223,102000,309.3000000,309.4500000,308.9000000,309.4000000,14350
TATN,10,20151223,103000,309.4000000,309.5000000,309.1000000,309.3000000,12850
TATN,10,20151223,104000,309.3500000,309.5000000,309.3500000,309.4500000,13750
TATN,10,20151223,105000,309.4500000,309.5000000,308.8000000,308.9000000,20700
TATN,10,20151223,110000,308.9500000,309.2500000,308.5500000,308.9000000,11220
TATN,10,20151223,111000,308.8500000,309.1500000,307.8500000,307.8500000,18370
TATN,10,20151223,112000,307.9500000,308.5000000,307.8500000,308.0000000,5270
TATN,10,20151223,113000,308.3000000,309.4500000,308.3000000,308.9500000,53910
TATN,10,20151223,114000,309.2500000,309.4000000,308.3000000,308.8000000,13130
TATN,10,20151223,115000,308.7500000,309.4500000,308.6500000,308.9000000,25650
TATN,10,20151223,120000,308.7500000,308.9500000,308.5000000,308.9000000,3980
TATN,10,20151223,121000,308.9000000,309.3500000,308.7000000,309.0500000,12360
TATN,10,20151223,122000,309.0500000,309.2000000,308.7000000,309.0500000,9770
TATN,10,20151223,123000,308.8500000,309.3000000,308.8500000,309.0000000,19310
TATN,10,20151223,124000,308.8500000,309.4500000,308.7000000,308.7500000,43500
TATN,10,20151223,125000,308.7000000,309.0000000,308.6000000,309.0000000,11110
TATN,10,20151223,130000,308.9500000,309.0000000,308.4000000,308.6500000,12200
TATN,10,20151223,131000,308.5500000,308.5500000,308.5500000,308.5500000,100
TATN,10,20151223,132000,308.4500000,308.4500000,308.0000000,308.1500000,3950
TATN,10,20151223,133000,308.2000000,308.7000000,308.2000000,308.4500000,4850
TATN,10,20151223,134000,308.6500000,309.0000000,308.4000000,308.9500000,10110
TATN,10,20151223,135000,308.9500000,309.0000000,308.5500000,308.8000000,15270
TATN,10,20151223,140000,308.5500000,308.9500000,308.5000000,308.9500000,13440
TATN,10,20151223,141000,308.9500000,308.9500000,308.3500000,308.4000000,6300
TATN,10,20151223,142000,308.6000000,308.7500000,308.3000000,308.7500000,5430
TATN,10,20151223,143000,308.7000000,308.9500000,307.9000000,308.7000000,53170
TATN,10,20151223,144000,308.7500000,308.9500000,308.7500000,308.7500000,9050
TATN,10,20151223,145000,308.8500000,308.9500000,308.3000000,308.4500000,63790
TATN,10,20151223,150000,308.6000000,308.6500000,307.8500000,308.0000000,9210
TATN,10,20151223,151000,307.8500000,308.2500000,307.5000000,308.1500000,9460
TATN,10,20151223,152000,308.3000000,308.4500000,307.9500000,308.3000000,3980
TATN,10,20151223,153000,308.3000000,308.9000000,308.1000000,308.6000000,12360
TATN,10,20151223,154000,308.5000000,308.9500000,308.5000000,308.9000000,33110
TATN,10,20151223,155000,308.9000000,308.9500000,308.3500000,308.8500000,35170
TATN,10,20151223,160000,308.9500000,308.9500000,308.1000000,308.1000000,55590
TATN,10,20151223,161000,308.0500000,308.4000000,306.7500000,306.9500000,42710
TATN,10,20151223,162000,306.9500000,308.4500000,306.8000000,308.2500000,52460
TATN,10,20151223,163000,308.0500000,308.6000000,307.7500000,307.9000000,16990
TATN,10,20151223,164000,308.0000000,308.2500000,307.2000000,308.0500000,10290
TATN,10,20151223,165000,307.9500000,308.7500000,307.6500000,307.6500000,13430
TATN,10,20151223,170000,307.8000000,308.3000000,307.7500000,308.0500000,12880
TATN,10,20151223,171000,308.0000000,308.6500000,308.0000000,308.2000000,15700
TATN,10,20151223,172000,307.9500000,308.6000000,307.1500000,307.6500000,33370
TATN,10,20151223,173000,307.9000000,308.9500000,307.9000000,308.4000000,36590
TATN,10,20151223,174000,308.4500000,308.9500000,308.1500000,308.4500000,95080
TATN,10,20151223,175000,308.4000000,308.6500000,307.9500000,308.5500000,12730
TATN,10,20151223,180000,308.6000000,308.9500000,308.3000000,308.8000000,50990
TATN,10,20151223,181000,308.8000000,308.9500000,308.4000000,308.6000000,92760
TATN,10,20151223,182000,308.5500000,308.8500000,308.0000000,308.3500000,65790
TATN,10,20151223,183000,308.3500000,308.9500000,308.1500000,308.7500000,83760
TATN,10,20151223,184000,308.9500000,308.9500000,308.1500000,308.9000000,114530
TATN,10,20151223,185000,308.7000000,308.7000000,308.7000000,308.7000000,13360
TATN,10,20151224,101000,310.0500000,310.7000000,308.7500000,309.0000000,24830
TATN,10,20151224,102000,309.0000000,309.1000000,308.5000000,308.5000000,12300
TATN,10,20151224,103000,308.5000000,308.7500000,308.1500000,308.7500000,16370
TATN,10,20151224,104000,309.0500000,309.0500000,308.4500000,308.6000000,2600
TATN,10,20151224,105000,308.4500000,308.6000000,308.3500000,308.3500000,2740
TATN,10,20151224,110000,308.3500000,308.4500000,308.1000000,308.1000000,11080
TATN,10,20151224,111000,308.2000000,308.5000000,308.0500000,308.5000000,44200
TATN,10,20151224,112000,308.5000000,310.0000000,308.4500000,309.7000000,47940
TATN,10,20151224,113000,309.7000000,309.9000000,308.4000000,308.8000000,69390
TATN,10,20151224,114000,308.7500000,309.0000000,308.4500000,308.6500000,79800
TATN,10,20151224,115000,308.6500000,310.0000000,308.4500000,309.7500000,52220
TATN,10,20151224,120000,309.7500000,310.0000000,309.4000000,309.9500000,41240
TATN,10,20151224,121000,309.9500000,310.0000000,309.2500000,309.4000000,52200
TATN,10,20151224,122000,309.3500000,310.0000000,309.2500000,310.0000000,14830
TATN,10,20151224,123000,309.9500000,311.0000000,309.8500000,311.0000000,40320
TATN,10,20151224,124000,310.9500000,311.8000000,310.6000000,311.6000000,40750
TATN,10,20151224,125000,311.4000000,312.5000000,311.1500000,312.3500000,35740
TATN,10,20151224,130000,312.5000000,313.2000000,312.4000000,313.0000000,39770
TATN,10,20151224,131000,313.0000000,314.4500000,312.8500000,314.0000000,60580
TATN,10,20151224,132000,314.1000000,314.8000000,313.6500000,313.7500000,61270
TATN,10,20151224,133000,313.7500000,314.4500000,313.6000000,314.0500000,18460
TATN,10,20151224,134000,314.0500000,314.5000000,313.3000000,313.3000000,36520
TATN,10,20151224,135000,313.6000000,313.9000000,313.4000000,313.9000000,26200
TATN,10,20151224,140000,313.9000000,314.8500000,313.6000000,314.6500000,53460
TATN,10,20151224,141000,314.8500000,315.0000000,314.6500000,315.0000000,31480
TATN,10,20151224,142000,314.9500000,316.2000000,314.8000000,315.4000000,71530
TATN,10,20151224,143000,315.4000000,316.1500000,315.4000000,315.9500000,21520
TATN,10,20151224,144000,316.1000000,316.1500000,315.2500000,315.5500000,6370
TATN,10,20151224,145000,315.4500000,316.2000000,315.3000000,316.0000000,57090
TATN,10,20151224,150000,315.9500000,316.2000000,315.5000000,316.2000000,38170
TATN,10,20151224,151000,316.1500000,316.2000000,315.5000000,315.9500000,53410
TATN,10,20151224,152000,316.1000000,316.2000000,315.9000000,316.2000000,60430
TATN,10,20151224,153000,316.2000000,316.6500000,315.9000000,316.6000000,65810
TATN,10,20151224,154000,316.6500000,316.6500000,316.1000000,316.1000000,2130
TATN,10,20151224,155000,316.1000000,316.4500000,316.0000000,316.0000000,9330
TATN,10,20151224,160000,316.0000000,316.6500000,316.0000000,316.4500000,6760
TATN,10,20151224,161000,316.6500000,316.9500000,316.6000000,316.7500000,12050
TATN,10,20151224,162000,316.8500000,316.9000000,316.5000000,316.6000000,2260
TATN,10,20151224,163000,316.6500000,316.7500000,316.2000000,316.2000000,4000
TATN,10,20151224,164000,316.3000000,316.3000000,316.0000000,316.1000000,13710
TATN,10,20151224,165000,316.1000000,316.1000000,315.6500000,315.6500000,7690
TATN,10,20151224,170000,315.7000000,316.0500000,315.7000000,315.9000000,6680
TATN,10,20151224,171000,316.0500000,316.3000000,315.9000000,316.1500000,3270
TATN,10,20151224,172000,316.1500000,316.3500000,316.0000000,316.0000000,5740
TATN,10,20151224,173000,316.3500000,316.5500000,316.0000000,316.0000000,4460
TATN,10,20151224,174000,316.3500000,316.3500000,315.9000000,315.9000000,5120
TATN,10,20151224,175000,315.9000000,316.0500000,315.9000000,316.0000000,4780
TATN,10,20151224,180000,315.9500000,316.0500000,315.9000000,315.9000000,21270
TATN,10,20151224,181000,315.9000000,316.0000000,313.7500000,313.7500000,66680
TATN,10,20151224,182000,314.0000000,314.0000000,312.8000000,313.0500000,19670
TATN,10,20151224,183000,313.0500000,314.2000000,312.9500000,314.0000000,15530
TATN,10,20151224,184000,314.1500000,314.9500000,313.8500000,314.5000000,22880
TATN,10,20151224,185000,313.5500000,313.5500000,313.5500000,313.5500000,4370
TATN,10,20151225,101000,314.0000000,316.2000000,313.7000000,314.7000000,9620
TATN,10,20151225,102000,314.7000000,314.7500000,314.0000000,314.0000000,8290
TATN,10,20151225,103000,314.0500000,314.9000000,314.0000000,314.8500000,9420
TATN,10,20151225,104000,314.7500000,314.9500000,314.0500000,314.1000000,3750
TATN,10,20151225,105000,314.1500000,314.2000000,313.7500000,313.7500000,7640
TATN,10,20151225,110000,314.0000000,314.8000000,314.0000000,314.3000000,5550
TATN,10,20151225,111000,314.5500000,314.5500000,314.2000000,314.2000000,1010
TATN,10,20151225,112000,314.4000000,314.4000000,314.0000000,314.0500000,1950
TATN,10,20151225,113000,314.3000000,314.5500000,314.3000000,314.5000000,2190
TATN,10,20151225,114000,314.4500000,314.8500000,314.4000000,314.6000000,9000
TATN,10,20151225,115000,314.6500000,314.6500000,314.6000000,314.6000000,30
TATN,10,20151225,120000,314.6000000,314.6000000,314.6000000,314.6000000,10
TATN,10,20151225,121000,314.6500000,315.0000000,314.6000000,315.0000000,3280
TATN,10,20151225,122000,315.0500000,315.2000000,315.0000000,315.0000000,3800
TATN,10,20151225,123000,315.0000000,315.0000000,314.7500000,314.7500000,3830
TATN,10,20151225,124000,314.7500000,315.0000000,314.6500000,315.0000000,2780
TATN,10,20151225,125000,315.0000000,315.4500000,315.0000000,315.4000000,9960
TATN,10,20151225,130000,315.4000000,315.5500000,315.0000000,315.3000000,1770
TATN,10,20151225,131000,315.4500000,316.0000000,315.1500000,315.7500000,20390
TATN,10,20151225,132000,315.7500000,315.7500000,315.2500000,315.4000000,5420
TATN,10,20151225,133000,315.4000000,315.7000000,315.2500000,315.7000000,4140
TATN,10,20151225,134000,315.7000000,316.0500000,315.3500000,315.5000000,5860
TATN,10,20151225,135000,315.4000000,315.6500000,315.4000000,315.5000000,370
TATN,10,20151225,140000,315.5000000,315.6500000,315.1500000,315.3000000,3300
TATN,10,20151225,141000,315.1000000,315.1000000,314.6000000,314.6000000,380
TATN,10,20151225,142000,314.6500000,314.6500000,313.9500000,313.9500000,3100
TATN,10,20151225,143000,313.9000000,314.2000000,313.1000000,313.2500000,6290
TATN,10,20151225,144000,313.3500000,313.7500000,313.1500000,313.5000000,4260
TATN,10,20151225,145000,313.7500000,313.7500000,313.6000000,313.6000000,710
TATN,10,20151225,150000,313.7500000,313.7500000,313.7500000,313.7500000,160
TATN,10,20151225,151000,313.7500000,313.9500000,313.7500000,313.8000000,1510
TATN,10,20151225,152000,313.7500000,313.7500000,313.4500000,313.4500000,670
TATN,10,20151225,153000,313.4500000,313.4500000,312.7000000,312.8500000,24500
TATN,10,20151225,154000,312.7000000,312.8500000,312.7000000,312.8000000,10920
TATN,10,20151225,155000,312.8000000,312.8500000,312.1500000,312.4500000,5690
TATN,10,20151225,160000,312.2500000,312.2500000,312.0000000,312.0000000,13450
TATN,10,20151225,161000,312.1000000,312.2000000,311.6000000,311.9000000,8700
TATN,10,20151225,162000,311.7500000,311.8000000,311.6500000,311.8000000,1790
TATN,10,20151225,163000,311.8500000,311.8500000,311.6000000,311.6000000,380
TATN,10,20151225,164000,311.6000000,311.6000000,311.1500000,311.3000000,10960
TATN,10,20151225,165000,311.1500000,311.1500000,310.7500000,311.0000000,7190
TATN,10,20151225,170000,311.3000000,311.6500000,311.3000000,311.6000000,4550
TATN,10,20151225,171000,311.3500000,311.6500000,311.1500000,311.1500000,3680
TATN,10,20151225,172000,311.1500000,311.1500000,310.5500000,310.6000000,5310
TATN,10,20151225,173000,310.6000000,311.0000000,310.6000000,311.0000000,4760
TATN,10,20151225,174000,311.0000000,311.4000000,311.0000000,311.4000000,1920
TATN,10,20151225,175000,311.4000000,312.6000000,311.4000000,312.5000000,6030
TATN,10,20151225,180000,312.5000000,312.7500000,312.2500000,312.7500000,3500
TATN,10,20151225,181000,312.7500000,312.9000000,312.4000000,312.5500000,4990
TATN,10,20151225,182000,312.5500000,313.8000000,312.5500000,313.5000000,5100
TATN,10,20151225,183000,313.2000000,313.3500000,312.6000000,312.6500000,9360
TATN,10,20151225,184000,312.7000000,312.7000000,311.7000000,312.1000000,7740
TATN,10,20151225,185000,311.9000000,311.9000000,311.9000000,311.9000000,1470
TATN,10,20151228,101000,311.6000000,311.7500000,310.7500000,311.5500000,7400
TATN,10,20151228,102000,311.5000000,312.1000000,311.5000000,311.7500000,3600
TATN,10,20151228,103000,311.7500000,311.7500000,311.1500000,311.1500000,5880
TATN,10,20151228,104000,311.2500000,311.4500000,310.8000000,310.8000000,9930
TATN,10,20151228,105000,310.8500000,311.4000000,310.8000000,311.3000000,11020
TATN,10,20151228,110000,311.2000000,311.2000000,311.0500000,311.0500000,3120
TATN,10,20151228,111000,311.0500000,311.3500000,310.8000000,311.0000000,4290
TATN,10,20151228,112000,310.9000000,311.9500000,310.8500000,311.9000000,8530
TATN,10,20151228,113000,311.7000000,311.9500000,311.2000000,311.2000000,5350
TATN,10,20151228,114000,311.6500000,311.9500000,311.3500000,311.7000000,2630
TATN,10,20151228,115000,311.5500000,311.9000000,311.3500000,311.9000000,7990
TATN,10,20151228,120000,311.6500000,311.9000000,311.2000000,311.6000000,5170
TATN,10,20151228,121000,311.2500000,311.8000000,311.2500000,311.6500000,2260
TATN,10,20151228,122000,311.6500000,311.6500000,310.9000000,311.2000000,4410
TATN,10,20151228,123000,311.2000000,311.4500000,311.2000000,311.4500000,340
TATN,10,20151228,124000,311.0000000,311.4000000,310.7500000,311.3500000,5730
TATN,10,20151228,125000,311.3000000,311.8000000,311.3000000,311.8000000,14840
TATN,10,20151228,130000,311.5000000,312.7000000,311.4500000,312.6000000,14540
TATN,10,20151228,131000,312.3000000,312.6000000,312.0000000,312.5000000,3420
TATN,10,20151228,132000,312.1500000,312.2000000,311.0500000,311.4000000,6950
TATN,10,20151228,133000,311.4000000,311.7500000,311.2500000,311.7500000,4490
TATN,10,20151228,134000,311.3000000,311.6000000,311.1000000,311.5500000,3920
TATN,10,20151228,135000,311.5500000,312.7500000,311.5500000,312.7000000,8960
TATN,10,20151228,140000,312.7000000,312.9000000,312.0000000,312.2000000,5190
TATN,10,20151228,141000,312.2000000,312.2000000,311.6500000,311.9000000,3220
TATN,10,20151228,142000,312.0000000,312.0000000,311.5500000,311.8500000,5670
TATN,10,20151228,143000,311.8500000,312.0000000,311.7500000,312.0000000,1680
TATN,10,20151228,144000,312.0000000,312.1000000,311.4500000,311.4500000,7360
TATN,10,20151228,145000,311.7500000,311.7500000,310.8000000,311.3000000,5980
TATN,10,20151228,150000,311.0000000,311.4000000,311.0000000,311.3000000,820
TATN,10,20151228,151000,310.9500000,311.2500000,310.8500000,311.1000000,1860
TATN,10,20151228,152000,310.9000000,311.1000000,310.8500000,311.1000000,2800
TATN,10,20151228,153000,311.0500000,311.1000000,310.8000000,311.1000000,4020
TATN,10,20151228,154000,310.8000000,311.1500000,310.6500000,310.7500000,13740
TATN,10,20151228,155000,310.7000000,310.9500000,310.6500000,310.9500000,850
TATN,10,20151228,160000,310.7500000,310.8500000,310.5000000,310.5000000,4770
TATN,10,20151228,161000,310.5000000,310.7500000,309.4500000,310.1000000,32560
TATN,10,20151228,162000,310.1000000,310.7000000,310.1000000,310.7000000,11380
TATN,10,20151228,163000,310.7000000,310.7000000,310.3500000,310.7000000,2500
TATN,10,20151228,164000,310.7000000,311.1500000,310.7000000,311.1500000,1940
TATN,10,20151228,165000,311.2000000,311.4500000,311.2000000,311.4500000,100
TATN,10,20151228,170000,311.2500000,311.5500000,311.2000000,311.5500000,1100
TATN,10,20151228,171000,311.5500000,311.7000000,311.2500000,311.5000000,3220
TATN,10,20151228,172000,311.5000000,311.7000000,311.3000000,311.7000000,3030
TATN,10,20151228,173000,311.4000000,311.5500000,310.7000000,310.9000000,12030
TATN,10,20151228,174000,310.8000000,310.9000000,310.1000000,310.4500000,6460
TATN,10,20151228,175000,310.1500000,310.5000000,309.9000000,310.1500000,8020
TATN,10,20151228,180000,309.7500000,310.3500000,309.5500000,309.6500000,17160
TATN,10,20151228,181000,310.0000000,310.3000000,309.0500000,310.3000000,12700
TATN,10,20151228,182000,310.0500000,310.3000000,309.0500000,309.7000000,16550
TATN,10,20151228,183000,309.3000000,310.3500000,309.2500000,310.3500000,8930
TATN,10,20151228,184000,310.3500000,310.8500000,309.0500000,309.7000000,98330
TATN,10,20151228,185000,312.3500000,312.3500000,312.3500000,312.3500000,85180
TATN,10,20151229,101000,311.6000000,312.8000000,311.6000000,312.2000000,14360
TATN,10,20151229,102000,312.7000000,312.8000000,312.1500000,312.3500000,1580
TATN,10,20151229,103000,312.4500000,312.8000000,312.1000000,312.5000000,6310
TATN,10,20151229,104000,312.5000000,312.5000000,311.7500000,311.7500000,2460
TATN,10,20151229,105000,311.8500000,312.2000000,311.6000000,312.2000000,2050
TATN,10,20151229,110000,311.8500000,313.0000000,311.8000000,313.0000000,6840
TATN,10,20151229,111000,313.0000000,316.7000000,312.8500000,315.9000000,112260
TATN,10,20151229,112000,315.6500000,316.9000000,315.1000000,316.8500000,32990
TATN,10,20151229,113000,316.9000000,317.9000000,316.7500000,316.9500000,66770
TATN,10,20151229,114000,316.9500000,317.2500000,316.4500000,316.8000000,12490
TATN,10,20151229,115000,316.5500000,317.4500000,316.5500000,317.4500000,6900
TATN,10,20151229,120000,317.4000000,317.6500000,317.0500000,317.1000000,11810
TATN,10,20151229,121000,317.3000000,317.6500000,316.5000000,317.1500000,35320
TATN,10,20151229,122000,317.3000000,317.3000000,316.9000000,317.1500000,6440
TATN,10,20151229,123000,316.9500000,317.3500000,316.7000000,317.3000000,12360
TATN,10,20151229,124000,317.3000000,317.6500000,316.9500000,317.3000000,24570
TATN,10,20151229,125000,317.3000000,317.4000000,316.8000000,317.4000000,2810
TATN,10,20151229,130000,317.0500000,317.3500000,316.7500000,317.3000000,3680
TATN,10,20151229,131000,317.0500000,317.0500000,316.3500000,316.4000000,4740
TATN,10,20151229,132000,316.4000000,316.5000000,315.8500000,315.8500000,5320
TATN,10,20151229,133000,316.0000000,316.0000000,315.1000000,315.4000000,15310
TATN,10,20151229,134000,315.3500000,316.2500000,315.3500000,316.2500000,6830
TATN,10,20151229,135000,316.4000000,316.7000000,316.2000000,316.5000000,1030
TATN,10,20151229,140000,316.4500000,316.6500000,316.3000000,316.6500000,780
TATN,10,20151229,141000,316.7000000,316.7000000,316.5000000,316.5500000,3540
TATN,10,20151229,142000,316.5000000,316.7000000,316.5000000,316.5000000,910
TATN,10,20151229,143000,316.5000000,316.5000000,315.8500000,315.9000000,3290
TATN,10,20151229,144000,315.8000000,315.8000000,315.6000000,315.6000000,800
TATN,10,20151229,145000,315.6000000,315.9000000,315.6000000,315.9000000,880
TATN,10,20151229,150000,315.5000000,315.8000000,314.7500000,315.5000000,13190
TATN,10,20151229,151000,315.3500000,315.9000000,314.9000000,315.9000000,6180
TATN,10,20151229,152000,315.6500000,315.8000000,315.4000000,315.5500000,1710
TATN,10,20151229,153000,315.4500000,315.5000000,315.3500000,315.3500000,1580
TATN,10,20151229,154000,315.5000000,316.7000000,315.5000000,316.2500000,15620
TATN,10,20151229,155000,316.6000000,317.0000000,316.4000000,316.5000000,18440
TATN,10,20151229,160000,316.7500000,317.0000000,316.2500000,316.7500000,23390
TATN,10,20151229,161000,316.9000000,317.0500000,316.5000000,316.5000000,34260
TATN,10,20151229,162000,316.5500000,317.2500000,316.0500000,316.7000000,33550
TATN,10,20151229,163000,316.9000000,317.3000000,316.5000000,317.1500000,22580
TATN,10,20151229,164000,317.1500000,317.6500000,316.9000000,317.1500000,33740
TATN,10,20151229,165000,317.3000000,317.6500000,316.9500000,317.0000000,65990
TATN,10,20151229,170000,317.4000000,317.6500000,316.9500000,317.1500000,18030
TATN,10,20151229,171000,317.4000000,317.6500000,316.5000000,316.5500000,22660
TATN,10,20151229,172000,316.5000000,317.4500000,316.5000000,317.2500000,18500
TATN,10,20151229,173000,316.9500000,317.7500000,316.8500000,317.7000000,20060
TATN,10,20151229,174000,317.7000000,318.6500000,317.6000000,318.1000000,38940
TATN,10,20151229,175000,318.1000000,319.5000000,318.0500000,319.0000000,51710
TATN,10,20151229,180000,318.7500000,319.8000000,318.7500000,319.4500000,34710
TATN,10,20151229,181000,319.4500000,320.5000000,319.4000000,319.6500000,60080
TATN,10,20151229,182000,319.8000000,320.7500000,319.7500000,320.3000000,40260
TATN,10,20151229,183000,320.4500000,323.2500000,320.4500000,323.0000000,136730
TATN,10,20151229,184000,323.2000000,325.9000000,322.6000000,323.2000000,162680
TATN,10,20151229,185000,322.6500000,322.6500000,322.6500000,322.6500000,9910
TATN,10,20151230,101000,322.0000000,325.5000000,322.0000000,324.4000000,64430
TATN,10,20151230,102000,324.4500000,324.8000000,322.5000000,322.6000000,14980
TATN,10,20151230,103000,323.0500000,324.4500000,323.0500000,323.8000000,6550
TATN,10,20151230,104000,323.8000000,325.0000000,323.7000000,324.4500000,5950
TATN,10,20151230,105000,324.4000000,325.3000000,324.2000000,325.3000000,17360
TATN,10,20151230,110000,325.0000000,325.0000000,324.6000000,324.6000000,7370
TATN,10,20151230,111000,324.6000000,324.9000000,321.0000000,321.1000000,46090
TATN,10,20151230,112000,321.1500000,323.2000000,320.7000000,321.0500000,47150
TATN,10,20151230,113000,321.1000000,322.7000000,320.7500000,321.0000000,26230
TATN,10,20151230,114000,320.8500000,321.4500000,320.7000000,321.3500000,14180
TATN,10,20151230,115000,321.1000000,323.4000000,320.3500000,320.4000000,24100
TATN,10,20151230,120000,320.4000000,320.7000000,318.8000000,319.0000000,10110
TATN,10,20151230,121000,319.0000000,320.1500000,318.0000000,319.8500000,33060
TATN,10,20151230,122000,320.1000000,320.4000000,320.0000000,320.1000000,3360
TATN,10,20151230,123000,320.1000000,320.1000000,318.1000000,318.5500000,19720
TATN,10,20151230,124000,318.2000000,318.5500000,318.1000000,318.4000000,5060
TATN,10,20151230,125000,318.5000000,318.7500000,318.0500000,318.0500000,8650
TATN,10,20151230,130000,318.1000000,319.2000000,318.1000000,319.2000000,5680
TATN,10,20151230,131000,319.3000000,319.9500000,319.3000000,319.6500000,1380
TATN,10,20151230,132000,319.5000000,321.4000000,319.5000000,320.9500000,10380
TATN,10,20151230,133000,320.9500000,321.0000000,320.0000000,320.3500000,15460
TATN,10,20151230,134000,319.9500000,319.9500000,319.5500000,319.5500000,1100
TATN,10,20151230,135000,320.1000000,320.1500000,319.1500000,319.5000000,5050
TATN,10,20151230,140000,319.3000000,319.8000000,319.1500000,319.3500000,3900
TATN,10,20151230,141000,319.4500000,319.4500000,319.4500000,319.4500000,20
TATN,10,20151230,142000,319.5000000,319.5000000,317.7000000,318.0000000,13720
TATN,10,20151230,143000,318.0000000,318.0500000,317.5000000,317.8500000,19350
TATN,10,20151230,144000,317.6500000,318.0000000,317.6000000,317.6500000,1180
TATN,10,20151230,145000,317.9000000,318.1500000,317.8000000,318.1500000,1970
TATN,10,20151230,150000,318.1500000,318.1500000,317.5000000,317.7000000,18730
TATN,10,20151230,151000,317.5000000,317.7000000,316.0000000,316.7500000,19650
TATN,10,20151230,152000,316.7500000,317.1500000,316.7000000,317.1500000,910
TATN,10,20151230,153000,316.7500000,317.9500000,316.7500000,317.9500000,2000
TATN,10,20151230,154000,317.9500000,318.2000000,317.2000000,317.5000000,6430
TATN,10,20151230,155000,317.1000000,317.3000000,316.8500000,317.0000000,2040
TATN,10,20151230,160000,316.9500000,317.5000000,316.7000000,317.3500000,10420
TATN,10,20151230,161000,317.8000000,318.3500000,316.5000000,316.8500000,4290
TATN,10,20151230,162000,316.8000000,316.8500000,316.4500000,316.5500000,4720
TATN,10,20151230,163000,316.8000000,322.0000000,316.8000000,321.9500000,37720
TATN,10,20151230,164000,321.6000000,321.9000000,320.9500000,321.8500000,11410
TATN,10,20151230,165000,321.8000000,324.3500000,321.4000000,321.4000000,47240
TATN,10,20151230,170000,321.4000000,321.8500000,321.2000000,321.5500000,2910
TATN,10,20151230,171000,321.6500000,321.7000000,320.5000000,320.5000000,11600
TATN,10,20151230,172000,320.5000000,320.8000000,318.0000000,318.0000000,16240
TATN,10,20151230,173000,318.0000000,319.2000000,317.1500000,318.5000000,23400
TATN,10,20151230,174000,318.0500000,318.9500000,317.2000000,317.8000000,13640
TATN,10,20151230,175000,317.8000000,318.9500000,317.3000000,317.6000000,27240
TATN,10,20151230,180000,317.6000000,319.4500000,317.0500000,317.0500000,38280
TATN,10,20151230,181000,317.0500000,317.0500000,315.4000000,315.6500000,52520
TATN,10,20151230,182000,315.6000000,316.0000000,315.0000000,315.1000000,35190
TATN,10,20151230,183000,315.0500000,315.9000000,315.0000000,315.8500000,45340
TATN,10,20151230,184000,315.6000000,317.8000000,315.5500000,315.6500000,120250
TATN,10,20151230,185000,317.6000000,317.6000000,317.6000000,317.6000000,36710
