TATN,10,20170502,101000,376.2000000,378.8500000,374.6000000,375.9500000,101580
TATN,10,20170502,102000,376.0000000,376.0000000,373.6000000,374.4000000,51010
TATN,10,20170502,103000,374.5500000,374.9500000,374.0500000,374.8000000,25760
TATN,10,20170502,104000,374.6500000,377.6500000,374.3000000,377.0000000,117530
TATN,10,20170502,105000,377.0000000,377.0500000,373.2500000,373.6500000,125870
TATN,10,20170502,110000,373.6500000,375.1500000,373.2500000,375.1500000,46450
TATN,10,20170502,111000,375.1500000,375.5500000,373.8000000,374.4000000,54120
TATN,10,20170502,112000,374.4000000,375.9500000,374.2500000,375.9500000,18640
TATN,10,20170502,113000,375.6500000,376.5000000,375.2000000,376.2500000,30040
TATN,10,20170502,114000,376.2500000,377.3500000,375.9500000,377.3500000,14840
TATN,10,20170502,115000,377.3000000,377.4000000,376.3000000,376.7000000,22540
TATN,10,20170502,120000,376.6000000,376.8500000,376.1000000,376.4500000,19370
TATN,10,20170502,121000,376.2500000,376.3500000,375.3500000,375.7000000,14550
TATN,10,20170502,122000,375.6500000,376.5000000,375.6500000,376.4500000,16250
TATN,10,20170502,123000,376.4500000,376.5000000,375.5000000,375.8500000,42080
TATN,10,20170502,124000,375.6500000,376.0000000,374.7500000,375.5000000,91810
TATN,10,20170502,125000,375.5000000,375.9500000,375.2000000,375.5000000,17020
TATN,10,20170502,130000,375.3000000,376.2500000,375.2000000,375.6500000,32070
TATN,10,20170502,131000,375.5500000,376.4500000,375.5000000,376.0500000,13660
TATN,10,20170502,132000,375.8000000,376.3000000,375.4000000,375.9000000,18040
TATN,10,20170502,133000,375.9500000,376.8000000,375.9500000,376.7000000,15040
TATN,10,20170502,134000,376.7000000,377.5500000,376.0000000,376.4000000,37420
TATN,10,20170502,135000,376.2000000,376.5000000,375.7500000,376.5000000,40590
TATN,10,20170502,140000,376.2500000,377.3000000,376.2500000,377.2000000,12070
TATN,10,20170502,141000,376.9000000,377.0000000,376.2000000,376.3000000,5850
TATN,10,20170502,142000,376.1500000,376.4500000,375.7500000,376.4000000,13420
TATN,10,20170502,143000,376.3500000,376.3500000,375.8000000,376.0000000,5510
TATN,10,20170502,144000,375.8500000,375.9000000,375.0500000,375.6000000,28630
TATN,10,20170502,145000,375.4000000,375.5000000,374.5500000,374.6500000,10880
TATN,10,20170502,150000,374.8000000,374.9500000,374.5500000,374.8500000,10740
TATN,10,20170502,151000,374.6500000,374.9000000,374.0000000,374.7000000,37720
TATN,10,20170502,152000,374.7000000,374.7000000,374.0000000,374.0000000,5660
TATN,10,20170502,153000,374.2000000,374.2500000,373.3000000,374.2000000,36880
TATN,10,20170502,154000,374.1500000,374.5500000,373.3000000,373.6500000,28890
TATN,10,20170502,155000,373.6500000,374.2000000,373.4500000,374.2000000,19160
TATN,10,20170502,160000,374.2500000,374.5500000,374.0000000,374.5500000,16180
TATN,10,20170502,161000,374.4000000,375.8500000,374.4000000,375.8500000,22420
TATN,10,20170502,162000,375.6500000,375.8500000,375.5000000,375.7500000,9620
TATN,10,20170502,163000,375.7500000,375.8000000,375.0000000,375.2000000,10870
TATN,10,20170502,164000,375.0500000,375.5000000,374.6000000,375.5000000,34660
TATN,10,20170502,165000,375.2500000,376.0000000,375.0500000,375.4500000,18210
TATN,10,20170502,170000,375.2500000,375.3000000,374.5500000,375.0000000,27730
TATN,10,20170502,171000,375.0000000,375.0500000,374.0000000,374.0000000,31580
TATN,10,20170502,172000,374.0000000,374.2000000,373.5500000,373.6000000,45770
TATN,10,20170502,173000,373.6000000,373.7500000,371.7500000,371.7500000,48690
TATN,10,20170502,174000,371.8000000,373.0000000,371.1000000,371.1000000,41090
TATN,10,20170502,175000,371.1500000,372.2500000,371.1000000,371.8000000,18230
TATN,10,20170502,180000,371.7000000,371.8500000,371.5000000,371.8500000,19470
TATN,10,20170502,181000,371.6500000,374.0000000,371.6500000,373.7000000,43850
TATN,10,20170502,182000,373.7000000,373.7000000,372.2000000,372.9000000,13700
TATN,10,20170502,183000,373.0000000,373.0000000,371.6500000,372.6000000,18920
TATN,10,20170502,184000,372.6000000,373.6000000,371.6000000,372.5500000,124270
TATN,10,20170502,185000,371.3500000,371.3500000,371.3500000,371.3500000,8100
TATN,10,20170503,101000,371.5000000,373.8500000,371.3000000,371.9500000,44930
TATN,10,20170503,102000,371.5000000,372.0000000,370.1500000,370.2500000,23930
TATN,10,20170503,103000,370.2500000,371.5000000,369.2500000,370.8000000,45330
TATN,10,20170503,104000,370.5000000,370.9500000,368.1000000,368.5000000,27450
TATN,10,20170503,105000,368.2000000,368.4500000,365.3500000,365.7500000,63170
TATN,10,20170503,110000,365.4000000,365.6000000,364.4500000,364.5000000,39040
TATN,10,20170503,111000,364.5000000,364.8000000,361.6000000,361.7500000,58000
TATN,10,20170503,112000,361.9500000,363.0000000,361.9500000,362.6000000,29680
TATN,10,20170503,113000,362.7000000,362.9000000,362.2500000,362.3000000,18080
TATN,10,20170503,114000,362.5500000,362.9500000,361.7000000,361.7500000,12080
TATN,10,20170503,115000,361.7500000,362.7000000,361.3500000,362.3500000,35780
TATN,10,20170503,120000,362.0500000,363.0000000,361.6000000,362.3500000,24650
TATN,10,20170503,121000,362.2000000,362.7500000,361.9000000,362.7000000,16400
TATN,10,20170503,122000,362.6000000,363.0000000,362.4000000,362.7000000,25250
TATN,10,20170503,123000,362.9000000,365.0000000,362.7000000,364.6500000,36610
TATN,10,20170503,124000,364.9000000,366.1500000,364.9000000,366.1000000,14540
TATN,10,20170503,125000,365.8500000,365.9500000,364.9500000,364.9500000,8210
TATN,10,20170503,130000,365.1000000,366.0000000,364.1000000,365.5000000,19780
TATN,10,20170503,131000,365.1000000,365.7000000,364.5000000,365.4500000,9550
TATN,10,20170503,132000,365.5500000,365.5500000,364.7000000,365.0000000,7320
TATN,10,20170503,133000,365.0000000,365.0500000,364.2500000,364.7500000,6260
TATN,10,20170503,134000,364.6000000,365.3500000,364.5500000,365.3000000,6290
TATN,10,20170503,135000,365.3000000,365.5000000,364.7500000,364.7500000,7810
TATN,10,20170503,140000,364.5500000,364.7500000,364.2500000,364.3500000,8400
TATN,10,20170503,141000,364.6000000,364.9500000,364.5000000,364.7000000,6680
TATN,10,20170503,142000,364.7000000,366.0000000,364.7000000,366.0000000,16140
TATN,10,20170503,143000,365.8000000,366.6000000,365.7000000,366.2000000,21540
TATN,10,20170503,144000,366.3500000,366.5500000,365.8000000,366.5500000,8310
TATN,10,20170503,145000,366.2000000,366.5500000,366.2000000,366.3500000,3290
TATN,10,20170503,150000,366.3000000,366.3000000,366.0500000,366.0500000,2810
TATN,10,20170503,151000,366.2500000,366.4000000,365.9000000,366.0500000,9540
TATN,10,20170503,152000,366.0500000,367.6500000,366.0000000,366.4000000,17320
TATN,10,20170503,153000,366.1500000,366.1500000,365.1500000,365.2500000,25480
TATN,10,20170503,154000,365.5000000,365.6500000,365.0500000,365.1000000,4660
TATN,10,20170503,155000,365.1000000,365.6500000,364.8500000,364.8500000,6210
TATN,10,20170503,160000,364.8500000,366.3000000,364.8500000,366.0500000,19740
TATN,10,20170503,161000,365.9000000,367.1500000,365.7000000,366.7500000,16180
TATN,10,20170503,162000,366.7500000,367.4000000,366.7500000,367.0500000,23930
TATN,10,20170503,163000,367.0500000,367.2500000,366.7000000,367.0000000,66540
TATN,10,20170503,164000,367.0500000,368.2500000,367.0500000,367.3500000,32470
TATN,10,20170503,165000,367.3500000,367.7500000,366.5000000,366.5500000,29200
TATN,10,20170503,170000,366.5500000,366.6500000,365.7500000,366.0500000,6470
TATN,10,20170503,171000,366.2000000,366.7500000,365.7500000,365.7500000,19730
TATN,10,20170503,172000,365.7000000,365.7000000,364.0000000,364.0000000,24670
TATN,10,20170503,173000,364.0000000,364.5500000,363.2500000,364.2000000,29890
TATN,10,20170503,174000,364.2000000,364.2000000,362.7000000,362.7500000,19560
TATN,10,20170503,175000,362.7000000,363.2000000,362.7000000,362.8500000,13460
TATN,10,20170503,180000,362.8500000,363.5500000,362.8500000,363.4500000,21390
TATN,10,20170503,181000,363.4500000,363.8500000,363.0500000,363.0500000,8800
TATN,10,20170503,182000,363.0500000,363.3500000,362.7000000,362.7000000,15680
TATN,10,20170503,183000,362.7000000,362.8500000,361.3500000,361.5500000,21890
TATN,10,20170503,184000,361.6500000,362.7500000,361.3000000,362.6500000,56100
TATN,10,20170503,185000,361.0000000,361.0000000,361.0000000,361.0000000,26300
TATN,10,20170504,101000,362.8000000,363.1000000,361.5500000,362.7500000,25290
TATN,10,20170504,102000,362.7500000,364.7500000,362.7500000,363.8000000,47790
TATN,10,20170504,103000,363.8500000,364.9500000,363.8500000,364.4500000,31660
TATN,10,20170504,104000,364.5000000,364.9500000,364.2000000,364.8500000,35900
TATN,10,20170504,105000,364.9000000,364.9500000,363.7000000,364.6000000,76940
TATN,10,20170504,110000,364.3500000,364.3500000,362.7000000,363.7500000,18110
TATN,10,20170504,111000,364.0000000,364.8500000,363.5500000,364.7000000,11230
TATN,10,20170504,112000,364.7000000,366.3500000,364.5500000,366.3000000,41750
TATN,10,20170504,113000,366.3000000,366.8000000,366.0000000,366.5000000,42950
TATN,10,20170504,114000,366.3500000,366.6000000,366.0000000,366.4500000,19960
TATN,10,20170504,115000,366.5000000,366.5000000,365.8000000,365.9500000,36580
TATN,10,20170504,120000,366.0000000,366.9500000,366.0000000,366.0000000,16830
TATN,10,20170504,121000,366.3000000,366.8500000,365.7500000,366.3000000,22220
TATN,10,20170504,122000,366.3000000,367.8500000,366.2500000,367.8500000,31720
TATN,10,20170504,123000,367.5000000,367.9500000,367.0500000,367.3500000,50320
TATN,10,20170504,124000,367.4000000,367.8500000,367.2500000,367.7000000,7160
TATN,10,20170504,125000,367.7500000,367.9500000,367.6000000,367.8000000,8860
TATN,10,20170504,130000,367.8000000,367.9500000,367.2500000,367.2500000,24690
TATN,10,20170504,131000,367.4500000,367.7000000,366.8000000,366.8000000,31650
TATN,10,20170504,132000,367.0000000,367.3500000,366.8000000,367.0000000,17100
TATN,10,20170504,133000,366.8500000,367.8000000,366.8500000,367.3500000,7830
TATN,10,20170504,134000,367.4500000,367.7500000,367.0500000,367.7500000,15740
TATN,10,20170504,135000,367.5500000,367.8500000,367.4000000,367.8500000,4040
TATN,10,20170504,140000,367.5500000,367.9500000,367.5500000,367.7000000,19720
TATN,10,20170504,141000,367.9000000,367.9500000,367.5000000,367.7500000,17770
TATN,10,20170504,142000,367.7500000,369.9500000,367.7500000,369.7000000,29470
TATN,10,20170504,143000,369.9000000,370.9500000,369.7000000,370.5500000,29270
TATN,10,20170504,144000,370.5500000,372.0000000,370.3000000,371.4500000,27960
TATN,10,20170504,145000,371.3000000,371.7500000,370.3500000,370.6500000,27800
TATN,10,20170504,150000,370.7000000,371.5000000,370.4500000,371.0500000,11880
TATN,10,20170504,151000,370.8500000,371.1000000,369.4000000,369.9000000,30040
TATN,10,20170504,152000,369.8000000,370.9500000,369.5500000,370.3500000,16200
TATN,10,20170504,153000,370.6500000,371.6000000,370.0000000,370.5000000,53820
TATN,10,20170504,154000,370.7500000,371.8500000,370.5000000,371.8500000,14410
TATN,10,20170504,155000,371.9000000,373.4000000,371.9000000,373.0000000,32720
TATN,10,20170504,160000,373.0000000,373.7000000,372.2500000,373.7000000,25020
TATN,10,20170504,161000,373.5000000,373.6500000,372.6000000,373.2500000,14470
TATN,10,20170504,162000,373.2500000,375.9000000,373.1000000,373.8500000,59210
TATN,10,20170504,163000,373.7000000,374.0000000,373.0000000,373.4000000,17620
TATN,10,20170504,164000,373.4500000,374.6000000,371.8000000,371.8000000,33550
TATN,10,20170504,165000,372.1000000,372.2500000,370.0000000,370.1500000,23690
TATN,10,20170504,170000,370.3500000,370.8000000,369.5000000,369.6000000,27220
TATN,10,20170504,171000,369.9000000,370.1500000,369.1500000,369.5500000,23190
TATN,10,20170504,172000,369.6000000,369.8000000,369.0000000,369.4500000,35340
TATN,10,20170504,173000,369.2500000,370.3000000,369.2000000,369.7000000,16130
TATN,10,20170504,174000,369.7500000,370.3000000,369.6500000,370.2000000,5750
TATN,10,20170504,175000,370.2000000,371.6000000,370.2000000,371.3000000,17100
TATN,10,20170504,180000,371.3500000,371.8500000,370.7500000,371.7000000,24450
TATN,10,20170504,181000,371.6000000,373.0000000,371.1000000,371.8000000,23200
TATN,10,20170504,182000,372.0500000,372.3000000,371.6000000,371.9000000,11970
TATN,10,20170504,183000,372.0500000,372.2500000,371.7000000,372.0500000,16590
TATN,10,20170504,184000,371.9000000,371.9000000,368.1000000,369.9500000,186680
TATN,10,20170504,185000,368.2500000,368.2500000,368.2500000,368.2500000,24360
TATN,10,20170505,101000,366.9500000,367.4000000,363.3500000,367.3000000,89200
TATN,10,20170505,102000,367.3500000,367.5500000,363.1000000,364.6000000,56260
TATN,10,20170505,103000,364.5500000,366.0000000,363.7000000,365.4000000,23820
TATN,10,20170505,104000,365.1500000,365.6500000,364.0500000,365.4000000,41830
TATN,10,20170505,105000,365.4500000,366.7000000,365.1000000,365.4000000,24340
TATN,10,20170505,110000,365.4000000,366.0000000,364.6000000,364.9500000,16780
TATN,10,20170505,111000,364.8000000,366.0000000,363.9000000,365.5500000,26600
TATN,10,20170505,112000,365.6500000,366.6500000,364.3000000,365.8500000,29620
TATN,10,20170505,113000,365.8500000,366.0000000,364.1000000,364.2000000,11780
TATN,10,20170505,114000,364.4000000,364.6000000,363.4000000,363.4500000,11460
TATN,10,20170505,115000,363.4500000,364.7500000,363.3000000,363.8500000,9220
TATN,10,20170505,120000,363.8500000,363.9500000,363.6500000,363.9000000,3820
TATN,10,20170505,121000,363.8000000,363.8500000,362.7500000,363.0500000,28080
TATN,10,20170505,122000,363.0500000,363.6000000,362.6500000,362.7000000,17050
TATN,10,20170505,123000,362.7000000,362.9500000,362.1500000,362.1500000,7760
TATN,10,20170505,124000,362.1000000,362.6000000,361.9500000,362.1000000,14510
TATN,10,20170505,125000,361.9000000,363.4500000,361.9000000,363.1000000,24390
TATN,10,20170505,130000,363.1000000,363.1000000,362.3000000,362.7000000,10800
TATN,10,20170505,131000,362.6500000,362.9000000,362.3000000,362.7500000,7820
TATN,10,20170505,132000,362.4500000,365.2500000,362.4500000,365.1500000,17150
TATN,10,20170505,133000,365.1500000,365.4000000,362.8500000,363.5500000,96790
TATN,10,20170505,134000,363.5500000,364.5000000,363.1500000,364.5000000,90350
TATN,10,20170505,135000,364.4000000,365.3500000,363.9000000,363.9000000,38770
TATN,10,20170505,140000,363.9000000,364.3000000,363.2000000,363.2500000,4780
TATN,10,20170505,141000,363.6500000,364.3000000,363.2500000,363.9000000,3900
TATN,10,20170505,142000,363.9000000,365.6000000,363.0500000,365.6000000,15310
TATN,10,20170505,143000,365.6000000,366.1000000,365.1000000,365.5500000,16830
TATN,10,20170505,144000,365.7500000,365.8500000,364.6000000,365.0500000,2960
TATN,10,20170505,145000,365.0500000,365.3000000,364.6500000,365.2500000,2930
TATN,10,20170505,150000,365.3000000,365.5000000,364.5000000,364.5000000,6320
TATN,10,20170505,151000,364.2000000,364.6500000,364.2000000,364.6000000,5040
TATN,10,20170505,152000,364.4500000,364.6000000,363.7000000,363.7000000,3630
TATN,10,20170505,153000,363.7000000,366.2500000,363.6500000,365.8000000,20660
TATN,10,20170505,154000,366.0500000,367.5000000,365.2500000,365.2500000,21180
TATN,10,20170505,155000,365.2500000,365.8000000,364.5000000,364.5000000,6910
TATN,10,20170505,160000,364.5000000,364.8500000,363.6500000,364.3500000,11210
TATN,10,20170505,161000,364.3500000,365.7000000,364.3500000,365.0000000,8210
TATN,10,20170505,162000,365.1000000,365.5500000,364.2500000,364.2500000,12240
TATN,10,20170505,163000,364.2500000,365.2500000,363.6000000,364.6500000,25570
TATN,10,20170505,164000,364.8500000,366.0000000,364.8500000,365.7000000,11130
TATN,10,20170505,165000,365.6500000,366.3500000,365.3500000,365.9000000,23640
TATN,10,20170505,170000,365.9500000,366.4000000,365.0500000,365.0500000,9310
TATN,10,20170505,171000,365.0500000,365.7000000,364.9000000,365.3000000,6070
TATN,10,20170505,172000,365.5500000,365.7500000,364.5000000,365.0500000,14140
TATN,10,20170505,173000,365.3500000,365.8500000,364.9500000,365.5500000,15370
TATN,10,20170505,174000,365.7500000,366.5000000,365.5500000,366.2500000,21120
TATN,10,20170505,175000,366.4000000,366.9500000,366.3500000,366.6000000,23540
TATN,10,20170505,180000,366.6000000,366.7500000,365.9500000,365.9500000,3810
TATN,10,20170505,181000,366.0000000,366.0500000,365.1500000,365.3500000,9340
TATN,10,20170505,182000,365.3500000,365.7000000,365.2500000,365.6500000,4750
TATN,10,20170505,183000,365.7500000,366.5500000,365.1500000,365.8000000,25460
TATN,10,20170505,184000,365.8500000,366.2500000,365.8000000,366.0500000,17050
TATN,10,20170505,185000,368.3000000,368.3000000,368.3000000,368.3000000,37540
TATN,10,20170510,101000,372.1000000,372.1000000,369.0500000,371.4000000,96470
TATN,10,20170510,102000,371.3000000,372.0000000,370.4500000,371.5500000,69190
TATN,10,20170510,103000,371.7500000,372.6500000,370.0000000,370.1500000,95630
TATN,10,20170510,104000,369.7500000,371.1000000,369.5000000,371.0000000,31800
TATN,10,20170510,105000,371.1000000,372.1500000,370.1500000,371.3500000,45590
TATN,10,20170510,110000,371.6000000,371.9000000,370.8000000,371.9000000,65680
TATN,10,20170510,111000,371.9000000,372.1000000,369.0500000,369.2500000,48930
TATN,10,20170510,112000,369.0500000,369.1000000,367.6500000,368.0000000,34460
TATN,10,20170510,113000,368.5500000,369.6000000,368.4000000,368.7000000,7860
TATN,10,20170510,114000,369.2500000,369.8000000,368.3000000,369.6500000,6730
TATN,10,20170510,115000,369.6000000,370.8000000,369.3500000,370.8000000,7620
TATN,10,20170510,120000,370.8000000,372.1500000,370.4000000,371.1000000,16700
TATN,10,20170510,121000,371.3000000,371.5500000,370.5000000,371.5500000,2270
TATN,10,20170510,122000,371.1500000,372.2000000,370.9000000,372.2000000,7550
TATN,10,20170510,123000,372.2500000,372.9000000,371.8500000,371.9000000,10110
TATN,10,20170510,124000,371.9500000,372.1500000,370.7000000,371.6000000,14520
TATN,10,20170510,125000,371.8500000,372.4000000,371.8000000,372.3500000,8130
TATN,10,20170510,130000,372.5000000,372.5000000,371.9000000,372.2000000,6680
TATN,10,20170510,131000,372.5000000,372.6500000,371.8000000,371.8500000,8630
TATN,10,20170510,132000,371.8500000,372.5500000,371.6500000,372.5500000,2120
TATN,10,20170510,133000,372.3500000,373.1000000,372.3500000,372.8500000,32920
TATN,10,20170510,134000,372.9500000,373.1000000,372.7000000,373.0500000,4880
TATN,10,20170510,135000,373.1000000,374.7000000,373.1000000,374.4500000,36700
TATN,10,20170510,140000,374.6500000,374.9500000,374.2500000,374.3500000,16520
TATN,10,20170510,141000,374.4000000,375.6000000,374.0500000,374.4500000,36680
TATN,10,20170510,142000,374.8000000,375.0000000,374.4500000,374.9500000,7200
TATN,10,20170510,143000,374.9000000,375.1000000,373.9000000,374.3000000,9170
TATN,10,20170510,144000,374.3500000,375.0000000,374.2500000,374.3000000,12690
TATN,10,20170510,145000,374.4000000,376.3500000,374.4000000,375.7000000,66250
TATN,10,20170510,150000,375.7500000,376.3500000,374.3500000,375.1000000,13800
TATN,10,20170510,151000,375.1500000,375.6000000,374.9500000,375.3000000,7360
TATN,10,20170510,152000,375.5500000,376.0000000,375.1500000,375.9000000,7860
TATN,10,20170510,153000,375.9500000,375.9500000,375.3000000,375.5000000,7040
TATN,10,20170510,154000,375.4500000,375.4500000,373.8000000,374.0000000,24140
TATN,10,20170510,155000,374.1500000,375.0000000,374.1000000,374.5000000,13730
TATN,10,20170510,160000,374.8500000,374.8500000,373.7500000,374.1000000,24560
TATN,10,20170510,161000,374.1000000,374.1000000,373.4000000,373.7500000,4360
TATN,10,20170510,162000,373.7500000,375.0000000,373.6500000,374.7500000,14010
TATN,10,20170510,163000,374.7500000,375.3500000,374.0000000,375.3500000,13770
TATN,10,20170510,164000,375.3500000,375.9500000,374.0500000,374.5500000,23940
TATN,10,20170510,165000,374.2500000,374.2500000,373.5000000,373.9000000,16300
TATN,10,20170510,170000,373.9000000,374.3500000,373.5000000,373.9500000,14930
TATN,10,20170510,171000,373.7000000,375.8000000,373.7000000,375.2000000,28100
TATN,10,20170510,172000,375.6500000,375.8500000,373.9000000,374.5500000,39140
TATN,10,20170510,173000,374.5500000,374.8500000,373.5000000,374.0000000,44410
TATN,10,20170510,174000,373.9500000,374.9000000,371.7500000,373.0000000,72590
TATN,10,20170510,175000,373.0000000,373.8500000,372.3000000,373.5000000,24250
TATN,10,20170510,180000,373.5000000,373.5000000,372.7500000,373.4500000,23140
TATN,10,20170510,181000,373.1500000,373.3000000,372.2000000,372.5000000,25340
TATN,10,20170510,182000,372.1500000,372.4500000,370.4500000,371.4500000,52440
TATN,10,20170510,183000,371.4000000,372.9000000,370.3500000,371.4000000,110520
TATN,10,20170510,184000,371.4000000,372.8000000,370.8500000,372.0000000,192700
TATN,10,20170510,185000,373.5000000,373.5000000,373.5000000,373.5000000,149840
TATN,10,20170511,101000,373.5000000,374.3000000,371.0000000,371.8500000,97360
TATN,10,20170511,102000,371.9000000,373.3000000,371.6000000,373.2000000,26930
TATN,10,20170511,103000,373.1500000,373.6000000,372.4500000,373.0500000,55210
TATN,10,20170511,104000,372.7500000,373.0500000,372.2500000,372.4000000,28320
TATN,10,20170511,105000,372.6500000,373.6000000,372.6500000,372.7000000,34710
TATN,10,20170511,110000,372.7500000,372.9500000,372.3000000,372.3000000,17360
TATN,10,20170511,111000,372.3000000,372.8500000,371.9000000,371.9000000,20340
TATN,10,20170511,112000,371.9000000,372.6000000,371.7500000,372.1500000,10950
TATN,10,20170511,113000,372.2500000,372.3000000,371.2000000,371.2000000,48850
TATN,10,20170511,114000,371.2000000,371.6500000,370.6000000,371.0500000,25720
TATN,10,20170511,115000,370.9500000,371.8500000,370.7500000,371.7000000,4910
TATN,10,20170511,120000,371.8500000,372.4000000,371.6500000,371.8500000,5800
TATN,10,20170511,121000,372.3000000,372.8500000,372.2000000,372.7500000,5340
TATN,10,20170511,122000,372.9000000,373.0000000,372.5500000,372.5500000,18790
TATN,10,20170511,123000,372.7000000,372.7500000,372.6500000,372.6500000,1670
TATN,10,20170511,124000,372.5000000,372.8500000,372.4500000,372.5000000,4980
TATN,10,20170511,125000,372.7000000,372.7000000,372.2000000,372.2500000,4040
TATN,10,20170511,130000,372.3000000,372.3500000,371.9000000,372.3500000,4760
TATN,10,20170511,131000,372.1500000,372.3000000,371.6500000,372.1500000,21100
TATN,10,20170511,132000,372.1000000,372.2500000,371.8000000,372.1500000,6500
TATN,10,20170511,133000,372.0000000,372.4500000,372.0000000,372.4500000,1340
TATN,10,20170511,134000,372.5000000,372.7000000,372.5000000,372.6000000,6320
TATN,10,20170511,135000,372.7000000,373.0000000,372.6500000,372.9500000,23260
TATN,10,20170511,140000,372.8000000,373.0000000,372.7500000,372.8500000,7180
TATN,10,20170511,141000,372.8500000,373.0000000,372.7000000,372.8500000,5790
TATN,10,20170511,142000,372.9500000,373.0000000,372.7500000,372.7500000,25030
TATN,10,20170511,143000,372.7500000,372.8500000,372.4500000,372.5000000,32290
TATN,10,20170511,144000,372.7000000,373.5000000,372.6000000,372.9000000,42040
TATN,10,20170511,145000,372.7000000,373.0000000,372.7000000,372.9500000,7370
TATN,10,20170511,150000,372.7000000,373.0000000,372.0000000,372.1000000,14830
TATN,10,20170511,151000,372.1500000,372.4000000,371.8500000,372.0500000,18840
TATN,10,20170511,152000,372.0000000,372.8500000,371.8000000,372.7000000,16760
TATN,10,20170511,153000,372.7000000,373.0000000,372.4500000,372.8500000,7580
TATN,10,20170511,154000,372.6500000,372.8500000,372.3000000,372.4500000,10320
TATN,10,20170511,155000,372.5500000,372.8000000,372.4000000,372.6500000,8070
TATN,10,20170511,160000,372.7000000,373.6500000,372.5500000,372.7500000,26860
TATN,10,20170511,161000,372.6000000,372.6000000,372.3000000,372.4000000,2280
TATN,10,20170511,162000,372.7000000,373.0000000,372.5000000,372.9500000,10710
TATN,10,20170511,163000,373.0000000,373.0000000,372.0000000,372.0000000,11340
TATN,10,20170511,164000,372.0000000,372.0000000,369.9500000,370.2500000,21010
TATN,10,20170511,165000,370.0500000,370.3000000,369.4000000,369.5500000,14990
TATN,10,20170511,170000,369.5500000,369.5500000,367.7000000,367.7500000,23590
TATN,10,20170511,171000,367.9500000,368.5500000,367.1000000,368.5500000,16140
TATN,10,20170511,172000,368.7000000,368.7000000,367.1500000,367.1500000,12070
TATN,10,20170511,173000,367.4500000,367.6500000,365.6500000,366.2500000,27750
TATN,10,20170511,174000,366.3500000,368.4000000,366.2000000,367.5000000,35670
TATN,10,20170511,175000,367.8500000,368.5500000,367.6500000,368.4500000,23590
TATN,10,20170511,180000,368.2500000,369.3000000,367.7500000,369.1000000,15210
TATN,10,20170511,181000,369.3000000,370.0500000,369.0500000,369.9500000,17670
TATN,10,20170511,182000,370.0500000,370.2500000,369.3500000,369.8500000,8970
TATN,10,20170511,183000,369.9500000,370.2000000,368.9500000,369.8000000,28120
TATN,10,20170511,184000,370.0500000,372.7500000,369.3500000,371.6000000,219020
TATN,10,20170511,185000,372.3500000,372.3500000,372.3500000,372.3500000,28870
TATN,10,20170512,101000,371.4500000,371.6000000,370.3000000,370.5000000,17250
TATN,10,20170512,102000,370.7500000,371.1500000,369.1000000,370.7500000,22960
TATN,10,20170512,103000,371.0000000,371.6000000,370.1500000,370.1500000,17870
TATN,10,20170512,104000,370.8000000,372.2500000,370.4500000,370.9500000,21780
TATN,10,20170512,105000,371.2000000,371.6500000,370.1500000,370.8000000,9560
TATN,10,20170512,110000,370.7000000,371.7000000,370.5500000,371.1500000,29020
TATN,10,20170512,111000,371.2500000,372.6000000,371.2500000,372.3000000,18300
TATN,10,20170512,112000,372.3000000,372.7500000,370.8000000,370.9500000,15100
TATN,10,20170512,113000,370.9500000,372.2000000,370.5500000,371.3000000,16610
TATN,10,20170512,114000,371.2500000,371.9500000,371.1000000,371.3500000,5980
TATN,10,20170512,115000,371.1500000,372.0000000,371.1500000,371.3000000,5280
TATN,10,20170512,120000,371.2500000,371.9000000,370.5000000,370.5000000,34480
TATN,10,20170512,121000,370.4000000,371.0000000,370.1500000,370.9000000,11280
TATN,10,20170512,122000,370.7000000,370.7000000,368.5000000,368.5000000,21950
TATN,10,20170512,123000,368.5500000,371.5000000,368.5500000,370.8500000,24940
TATN,10,20170512,124000,370.9500000,371.0500000,370.1000000,370.5500000,7480
TATN,10,20170512,125000,370.3000000,370.6000000,369.9500000,369.9500000,8260
TATN,10,20170512,130000,369.9500000,370.9000000,369.3500000,370.7500000,11290
TATN,10,20170512,131000,370.7000000,371.2500000,370.1500000,370.8000000,9480
TATN,10,20170512,132000,370.8000000,371.5000000,370.6500000,370.6500000,1790
TATN,10,20170512,133000,370.9000000,371.4000000,370.4500000,371.2500000,9420
TATN,10,20170512,134000,371.4000000,372.0000000,371.3000000,371.4500000,6280
TATN,10,20170512,135000,371.7500000,371.7500000,371.0000000,371.0000000,4320
TATN,10,20170512,140000,371.3500000,371.7000000,371.1000000,371.6000000,4640
TATN,10,20170512,141000,371.6500000,371.8000000,371.3000000,371.7000000,2310
TATN,10,20170512,142000,371.8000000,372.5000000,371.8000000,372.4000000,19340
TATN,10,20170512,143000,372.5000000,374.5000000,372.2500000,373.8500000,87090
TATN,10,20170512,144000,373.8500000,374.7000000,373.3000000,374.1000000,35910
TATN,10,20170512,145000,374.2000000,374.3000000,372.4000000,372.7500000,42330
TATN,10,20170512,150000,372.8000000,372.8500000,371.4500000,372.0000000,28060
TATN,10,20170512,151000,372.0000000,372.0500000,371.3500000,371.5500000,5770
TATN,10,20170512,152000,371.5500000,371.7000000,370.7000000,371.0000000,6580
TATN,10,20170512,153000,371.0000000,373.4000000,371.0000000,372.7500000,28350
TATN,10,20170512,154000,372.4000000,373.4500000,372.2500000,372.4500000,30180
TATN,10,20170512,155000,372.4500000,372.7000000,371.2500000,371.7000000,18660
TATN,10,20170512,160000,371.2000000,372.4000000,371.0500000,372.4000000,7500
TATN,10,20170512,161000,372.2500000,373.5500000,372.0000000,372.1000000,17270
TATN,10,20170512,162000,371.8000000,372.3500000,371.1500000,372.2000000,7890
TATN,10,20170512,163000,371.8500000,372.3000000,371.5000000,371.5500000,7520
TATN,10,20170512,164000,371.4500000,372.2000000,371.4500000,372.2000000,6410
TATN,10,20170512,165000,371.9000000,371.9000000,370.4500000,370.8500000,13810
TATN,10,20170512,170000,370.8500000,371.0000000,369.4000000,369.9500000,27480
TATN,10,20170512,171000,369.9500000,370.5000000,369.6000000,369.7000000,17670
TATN,10,20170512,172000,369.7000000,370.1500000,369.5500000,370.1500000,22310
TATN,10,20170512,173000,370.1000000,371.0000000,370.0000000,370.3000000,12420
TATN,10,20170512,174000,370.4000000,370.4000000,369.5000000,370.0000000,11300
TATN,10,20170512,175000,370.1000000,370.6500000,369.3500000,369.8500000,15400
TATN,10,20170512,180000,370.4000000,370.6500000,369.9500000,370.6500000,1370
TATN,10,20170512,181000,370.9500000,372.9000000,370.7000000,372.7500000,19710
TATN,10,20170512,182000,372.7000000,373.4000000,372.2500000,372.4000000,13830
TATN,10,20170512,183000,372.7500000,373.0000000,372.4000000,372.5000000,10750
TATN,10,20170512,184000,372.5000000,374.2000000,372.5000000,374.0500000,121020
TATN,10,20170512,185000,375.5000000,375.5000000,375.5000000,375.5000000,82530
TATN,10,20170515,101000,377.0000000,379.5500000,367.1500000,373.9500000,68490
TATN,10,20170515,102000,373.8000000,375.6000000,373.1500000,374.4500000,41230
TATN,10,20170515,103000,374.4000000,374.4000000,373.0500000,373.4000000,3450
TATN,10,20170515,104000,373.4500000,375.3500000,373.4500000,375.3500000,7450
TATN,10,20170515,105000,375.3000000,375.5000000,374.5000000,374.7500000,4120
TATN,10,20170515,110000,374.7500000,374.7500000,372.9000000,372.9000000,10570
TATN,10,20170515,111000,372.9000000,373.0500000,372.3000000,372.3000000,3060
TATN,10,20170515,112000,372.3000000,372.8500000,372.2500000,372.8000000,6650
TATN,10,20170515,113000,372.7500000,373.1000000,372.0000000,373.1000000,5270
TATN,10,20170515,114000,373.4500000,373.4500000,372.9500000,372.9500000,1520
TATN,10,20170515,115000,372.9500000,373.6000000,372.8500000,373.6000000,970
TATN,10,20170515,120000,373.6500000,374.9000000,373.3500000,374.8500000,5290
TATN,10,20170515,121000,374.9000000,375.8500000,374.5000000,375.7000000,11780
TATN,10,20170515,122000,375.7500000,377.0000000,375.7000000,376.5000000,15740
TATN,10,20170515,123000,376.4500000,377.6000000,376.2500000,377.1500000,26490
TATN,10,20170515,124000,377.1000000,377.2000000,376.3500000,376.3500000,44300
TATN,10,20170515,125000,376.1000000,377.3000000,376.0500000,376.8500000,9180
TATN,10,20170515,130000,376.8500000,378.3500000,376.7500000,377.8500000,16160
TATN,10,20170515,131000,377.9500000,378.3500000,377.1000000,377.7500000,4700
TATN,10,20170515,132000,377.5000000,378.2000000,377.5000000,377.7500000,7640
TATN,10,20170515,133000,377.7000000,378.3000000,377.6500000,378.2500000,9600
TATN,10,20170515,134000,378.2500000,378.3500000,376.9500000,376.9500000,25070
TATN,10,20170515,135000,376.8500000,377.0500000,376.4500000,376.8000000,9580
TATN,10,20170515,140000,376.5000000,377.8000000,376.5000000,377.5500000,9290
TATN,10,20170515,141000,377.5000000,377.9000000,377.3500000,377.4500000,8800
TATN,10,20170515,142000,377.3500000,377.3500000,376.0000000,376.0000000,6230
TATN,10,20170515,143000,376.1500000,376.2000000,375.6000000,375.6500000,660
TATN,10,20170515,144000,375.8000000,376.9500000,375.8000000,376.9500000,16910
TATN,10,20170515,145000,376.9000000,377.0000000,376.3000000,376.7000000,2610
TATN,10,20170515,150000,376.5500000,378.3000000,376.4500000,378.2500000,9710
TATN,10,20170515,151000,378.2000000,378.6500000,377.9500000,378.2500000,16990
TATN,10,20170515,152000,378.2500000,378.6000000,377.8500000,378.6000000,16550
TATN,10,20170515,153000,378.4500000,378.7500000,378.3500000,378.5000000,10170
TATN,10,20170515,154000,378.6000000,378.8500000,377.8500000,378.3000000,9440
TATN,10,20170515,155000,378.1500000,378.2000000,377.8000000,377.8000000,1260
TATN,10,20170515,160000,377.9000000,378.0500000,377.5000000,377.8000000,5650
TATN,10,20170515,161000,378.0500000,378.8500000,377.8000000,378.8000000,27140
TATN,10,20170515,162000,378.8000000,379.1000000,378.3500000,379.0000000,22330
TATN,10,20170515,163000,378.9500000,378.9500000,377.3000000,378.0000000,49080
TATN,10,20170515,164000,377.9500000,377.9500000,377.3000000,377.6000000,4390
TATN,10,20170515,165000,378.2000000,379.3000000,378.2000000,379.0000000,16540
TATN,10,20170515,170000,378.6500000,379.4000000,378.0500000,379.4000000,26020
TATN,10,20170515,171000,379.4000000,382.2500000,379.3500000,380.6500000,168690
TATN,10,20170515,172000,380.7500000,382.2000000,380.7500000,381.9000000,17560
TATN,10,20170515,173000,382.1000000,382.1500000,380.0500000,380.3500000,31690
TATN,10,20170515,174000,380.2000000,381.5000000,379.8000000,381.1500000,72780
TATN,10,20170515,175000,381.5500000,382.4500000,380.8500000,381.6000000,79190
TATN,10,20170515,180000,382.2000000,382.4000000,381.5500000,382.3500000,31980
TATN,10,20170515,181000,382.2500000,383.3000000,382.2500000,383.0000000,80930
TATN,10,20170515,182000,382.9500000,384.6500000,382.9500000,384.2000000,54040
TATN,10,20170515,183000,384.1000000,384.9500000,384.0000000,384.5500000,54900
TATN,10,20170515,184000,384.5500000,385.8000000,384.1500000,384.6000000,130770
TATN,10,20170515,185000,386.5000000,386.5000000,386.5000000,386.5000000,118690
TATN,10,20170516,101000,385.0000000,385.9000000,382.5500000,384.7500000,107920
TATN,10,20170516,102000,384.9500000,388.4500000,384.5500000,388.4500000,106050
TATN,10,20170516,103000,388.4000000,392.9000000,387.9500000,392.8000000,191650
TATN,10,20170516,104000,392.7500000,393.1500000,391.6000000,392.6000000,222730
TATN,10,20170516,105000,392.6000000,393.0000000,391.0000000,391.4500000,92100
TATN,10,20170516,110000,391.4500000,392.9000000,389.8500000,390.2500000,105890
TATN,10,20170516,111000,390.4000000,392.6000000,390.3000000,391.5500000,68510
TATN,10,20170516,112000,391.8000000,392.3000000,390.5000000,391.3500000,101380
TATN,10,20170516,113000,391.2500000,392.0000000,388.9000000,389.0000000,148540
TATN,10,20170516,114000,389.1500000,389.3500000,386.0000000,386.0000000,90310
TATN,10,20170516,115000,386.0000000,386.3000000,384.5000000,385.1500000,55520
TATN,10,20170516,120000,385.1500000,386.1500000,383.5000000,383.5500000,46450
TATN,10,20170516,121000,383.9500000,384.3500000,382.7500000,383.5500000,56260
TATN,10,20170516,122000,383.5500000,383.8500000,382.6500000,382.8500000,34550
TATN,10,20170516,123000,383.3500000,383.4000000,381.3500000,382.8500000,42860
TATN,10,20170516,124000,383.1000000,385.8000000,382.9500000,384.7500000,27020
TATN,10,20170516,125000,385.4500000,385.8500000,384.7500000,385.4000000,19940
TATN,10,20170516,130000,385.7000000,386.5000000,384.1500000,385.7000000,36370
TATN,10,20170516,131000,385.8000000,386.6500000,385.5000000,385.8500000,45470
TATN,10,20170516,132000,386.0000000,386.0000000,384.6500000,385.0500000,58440
TATN,10,20170516,133000,385.5000000,386.0000000,384.7000000,385.4500000,37860
TATN,10,20170516,134000,385.8000000,386.0000000,385.4500000,385.8000000,36770
TATN,10,20170516,135000,385.9500000,386.0000000,384.5000000,385.0000000,44090
TATN,10,20170516,140000,385.2000000,385.7000000,384.6500000,385.0000000,18170
TATN,10,20170516,141000,385.4000000,385.9500000,384.8500000,385.4500000,19200
TATN,10,20170516,142000,385.9000000,387.9500000,385.5500000,387.2500000,69030
TATN,10,20170516,143000,387.3000000,387.8500000,386.1500000,386.9500000,39260
TATN,10,20170516,144000,387.0500000,388.8000000,386.8500000,388.1500000,39420
TATN,10,20170516,145000,388.6000000,388.9000000,387.2000000,387.2000000,45550
TATN,10,20170516,150000,387.5500000,388.1500000,386.1000000,386.6000000,22910
TATN,10,20170516,151000,386.5500000,388.9000000,385.4500000,387.0500000,51080
TATN,10,20170516,152000,387.5000000,388.2000000,386.7500000,387.4000000,24110
TATN,10,20170516,153000,387.3500000,388.0000000,386.5500000,387.8000000,33730
TATN,10,20170516,154000,387.5500000,387.8500000,386.3500000,387.0000000,32220
TATN,10,20170516,155000,386.5000000,387.7500000,385.9000000,386.6500000,39060
TATN,10,20170516,160000,387.1500000,387.4000000,386.0500000,386.6500000,17160
TATN,10,20170516,161000,386.8000000,386.8500000,385.6500000,385.7000000,17800
TATN,10,20170516,162000,385.7000000,386.6000000,385.0000000,385.0000000,18320
TATN,10,20170516,163000,385.0000000,385.6500000,384.3000000,385.1500000,28060
TATN,10,20170516,164000,384.9500000,385.5000000,384.5500000,384.6000000,25360
TATN,10,20170516,165000,385.0000000,385.3000000,383.1500000,384.6500000,36840
TATN,10,20170516,170000,384.8000000,385.8500000,384.7500000,384.9500000,35990
TATN,10,20170516,171000,384.8000000,385.5500000,384.6000000,385.1500000,16320
TATN,10,20170516,172000,384.9000000,385.2000000,383.3000000,384.1500000,36720
TATN,10,20170516,173000,384.0500000,385.6500000,383.6500000,385.2000000,23790
TATN,10,20170516,174000,385.1500000,386.9500000,385.0000000,386.9500000,21180
TATN,10,20170516,175000,387.0000000,387.0000000,385.7500000,386.2000000,49820
TATN,10,20170516,180000,386.3500000,386.6500000,385.6000000,386.2500000,28380
TATN,10,20170516,181000,386.5000000,386.6500000,385.4000000,385.6500000,36040
TATN,10,20170516,182000,385.8500000,386.8000000,385.4500000,385.6000000,44340
TATN,10,20170516,183000,385.6000000,386.8000000,385.5000000,386.2000000,57040
TATN,10,20170516,184000,386.4000000,386.8000000,385.2000000,385.2500000,158050
TATN,10,20170516,185000,384.0000000,384.0000000,384.0000000,384.0000000,86290
TATN,10,20170517,101000,382.8500000,386.1000000,381.2500000,385.6500000,70610
TATN,10,20170517,102000,385.7500000,387.1500000,385.2000000,387.0500000,99650
TATN,10,20170517,103000,387.0500000,387.6000000,386.0000000,386.8500000,60540
TATN,10,20170517,104000,386.9500000,386.9500000,385.9000000,386.1500000,39180
TATN,10,20170517,105000,386.2000000,387.0000000,385.2500000,386.8000000,26920
TATN,10,20170517,110000,386.9500000,387.2500000,386.4500000,387.1000000,26390
TATN,10,20170517,111000,386.8500000,387.7000000,386.8500000,387.3000000,31070
TATN,10,20170517,112000,387.3500000,388.6500000,387.3500000,388.2000000,14450
TATN,10,20170517,113000,388.2500000,389.4000000,387.5000000,387.5000000,16160
TATN,10,20170517,114000,387.5500000,388.9500000,387.4000000,388.9500000,9110
TATN,10,20170517,115000,388.6500000,388.8000000,387.0000000,388.0000000,18480
TATN,10,20170517,120000,388.1500000,389.1000000,387.4000000,387.7500000,24260
TATN,10,20170517,121000,387.5500000,387.6500000,385.6500000,386.2000000,31670
TATN,10,20170517,122000,385.9000000,385.9000000,384.7000000,385.1000000,16170
TATN,10,20170517,123000,385.1000000,386.5000000,385.0500000,386.5000000,20010
TATN,10,20170517,124000,386.5000000,386.8000000,386.1000000,386.7500000,14590
TATN,10,20170517,125000,386.7000000,386.8000000,385.6000000,386.0000000,14780
TATN,10,20170517,130000,385.8000000,386.8000000,385.8000000,386.5500000,16540
TATN,10,20170517,131000,386.7500000,387.0000000,386.6000000,387.0000000,11200
TATN,10,20170517,132000,386.9000000,387.7000000,386.9000000,387.6000000,15530
TATN,10,20170517,133000,387.7000000,388.4000000,386.8000000,386.8000000,24190
TATN,10,20170517,134000,387.0000000,387.9000000,386.9000000,387.1500000,26600
TATN,10,20170517,135000,387.4000000,387.8500000,387.4000000,387.7500000,11260
TATN,10,20170517,140000,387.8000000,387.8000000,387.2500000,387.3000000,14810
TATN,10,20170517,141000,387.4500000,387.9500000,387.4000000,387.8000000,5010
TATN,10,20170517,142000,387.9000000,388.3500000,387.9000000,388.3000000,8440
TATN,10,20170517,143000,388.2500000,388.6000000,387.6000000,387.6000000,9010
TATN,10,20170517,144000,387.6000000,388.0500000,387.5500000,387.8000000,5910
TATN,10,20170517,145000,387.6000000,388.0500000,387.3500000,388.0500000,5620
TATN,10,20170517,150000,388.0500000,388.6000000,388.0000000,388.6000000,8670
TATN,10,20170517,151000,388.6000000,388.6000000,387.5500000,387.9500000,12980
TATN,10,20170517,152000,387.9500000,388.5000000,387.9500000,388.2000000,10220
TATN,10,20170517,153000,388.2500000,388.2500000,387.5500000,387.9500000,5720
TATN,10,20170517,154000,388.0500000,389.0000000,388.0500000,388.6000000,8640
TATN,10,20170517,155000,388.6000000,389.1500000,388.1500000,388.1500000,46010
TATN,10,20170517,160000,388.1500000,388.4500000,387.9000000,387.9000000,7030
TATN,10,20170517,161000,388.0500000,388.3500000,384.5000000,384.6500000,111410
TATN,10,20170517,162000,384.8000000,385.4000000,384.0000000,385.2500000,41250
TATN,10,20170517,163000,385.3500000,385.9000000,384.8000000,385.5000000,30710
TATN,10,20170517,164000,385.5000000,386.8500000,385.0500000,386.8500000,26720
TATN,10,20170517,165000,387.0000000,387.9000000,386.9500000,387.4000000,16550
TATN,10,20170517,170000,387.6000000,387.8500000,386.6500000,387.0000000,26540
TATN,10,20170517,171000,387.1500000,387.8500000,386.5500000,387.0000000,29600
TATN,10,20170517,172000,386.7500000,386.9000000,385.1000000,386.7000000,31470
TATN,10,20170517,173000,386.6500000,388.3500000,386.6000000,388.2000000,25230
TATN,10,20170517,174000,388.0500000,390.9500000,387.4500000,389.7500000,111270
TATN,10,20170517,175000,389.7000000,390.8500000,389.6500000,390.3500000,32690
TATN,10,20170517,180000,390.4500000,392.6500000,390.4500000,391.8000000,95320
TATN,10,20170517,181000,392.1000000,394.2000000,392.0000000,392.7500000,133680
TATN,10,20170517,182000,392.9500000,393.9000000,392.8000000,393.0000000,54560
TATN,10,20170517,183000,393.0000000,393.5000000,392.6000000,393.3500000,40950
TATN,10,20170517,184000,393.4500000,393.5000000,392.1000000,393.1500000,70130
TATN,10,20170517,185000,393.5000000,393.5000000,393.5000000,393.5000000,84100
TATN,10,20170518,101000,391.9000000,393.1000000,391.8000000,392.5000000,43430
TATN,10,20170518,102000,392.7000000,393.0000000,392.4000000,392.6000000,57390
TATN,10,20170518,103000,392.8000000,393.0000000,392.3000000,392.5500000,44740
TATN,10,20170518,104000,392.6000000,392.7000000,390.0000000,390.0000000,25490
TATN,10,20170518,105000,390.1500000,393.0000000,390.0000000,392.7000000,23260
TATN,10,20170518,110000,392.8500000,393.0000000,390.2000000,390.4500000,31230
TATN,10,20170518,111000,390.6500000,391.9500000,389.5000000,389.5500000,28650
TATN,10,20170518,112000,389.5000000,389.5500000,387.5000000,387.5000000,43820
TATN,10,20170518,113000,387.5000000,389.0000000,387.1000000,388.7500000,35360
TATN,10,20170518,114000,388.7500000,390.7500000,388.5500000,389.2000000,38870
TATN,10,20170518,115000,389.5000000,390.4000000,389.1500000,390.0500000,17270
TATN,10,20170518,120000,390.2000000,390.4500000,388.9000000,388.9000000,12590
TATN,10,20170518,121000,389.2000000,389.2000000,386.5000000,386.9500000,39150
TATN,10,20170518,122000,387.0000000,387.9500000,386.7000000,387.5000000,19440
TATN,10,20170518,123000,387.8500000,389.4500000,387.8500000,388.9000000,20720
TATN,10,20170518,124000,389.2500000,389.3000000,387.5000000,388.6000000,43400
TATN,10,20170518,125000,388.1500000,388.6500000,387.6000000,387.8500000,16000
TATN,10,20170518,130000,387.6000000,389.0000000,387.6000000,388.3000000,14560
TATN,10,20170518,131000,388.3500000,389.0000000,388.2500000,388.7500000,15470
TATN,10,20170518,132000,388.3500000,388.7000000,387.9000000,387.9500000,7090
TATN,10,20170518,133000,387.9000000,389.6500000,387.8000000,389.6500000,20520
TATN,10,20170518,134000,389.6500000,389.7000000,388.2500000,388.3500000,6150
TATN,10,20170518,135000,388.0500000,389.9500000,387.8000000,389.9500000,15720
TATN,10,20170518,140000,389.9000000,389.9000000,388.6500000,389.0500000,13080
TATN,10,20170518,141000,389.1000000,390.6500000,389.0500000,389.9500000,21840
TATN,10,20170518,142000,390.1000000,390.7500000,388.9000000,388.9000000,13990
TATN,10,20170518,143000,388.9500000,389.0500000,388.3000000,388.3000000,6430
TATN,10,20170518,144000,388.4500000,390.0000000,388.1000000,389.6000000,13230
TATN,10,20170518,145000,390.0000000,390.9500000,389.7500000,390.9500000,12140
TATN,10,20170518,150000,390.4000000,392.1500000,390.1500000,391.1500000,33470
TATN,10,20170518,151000,391.5000000,393.0000000,391.0500000,392.0000000,43740
TATN,10,20170518,152000,392.0500000,393.0000000,391.7500000,392.6500000,79350
TATN,10,20170518,153000,392.6000000,393.0000000,392.5000000,392.5000000,55570
TATN,10,20170518,154000,392.7000000,392.7000000,390.8500000,390.9000000,41240
TATN,10,20170518,155000,391.1000000,392.7000000,390.9000000,391.3500000,39820
TATN,10,20170518,160000,391.0500000,391.5500000,390.1500000,391.4000000,93110
TATN,10,20170518,161000,391.4000000,392.0000000,390.7000000,391.4000000,33740
TATN,10,20170518,162000,390.8500000,392.0000000,390.6000000,391.4000000,27360
TATN,10,20170518,163000,391.4000000,392.0000000,389.6000000,390.0000000,110980
TATN,10,20170518,164000,390.0000000,392.5000000,389.7500000,392.5000000,74660
TATN,10,20170518,165000,392.5000000,392.5000000,391.8000000,391.8000000,25260
TATN,10,20170518,170000,391.8000000,392.4000000,391.2000000,391.9500000,53570
TATN,10,20170518,171000,391.9500000,392.9000000,391.4500000,392.1000000,29370
TATN,10,20170518,172000,391.9000000,392.2000000,391.4000000,391.6500000,38590
TATN,10,20170518,173000,391.8500000,392.1000000,390.0000000,390.0000000,83280
TATN,10,20170518,174000,390.2500000,391.6500000,389.3500000,389.3500000,58210
TATN,10,20170518,175000,389.3500000,390.0500000,389.1500000,389.8500000,32110
TATN,10,20170518,180000,389.9500000,390.7000000,389.6500000,390.7000000,8410
TATN,10,20170518,181000,390.8500000,391.5000000,390.4500000,391.3500000,8900
TATN,10,20170518,182000,391.4000000,391.4500000,390.3000000,391.3000000,8370
TATN,10,20170518,183000,391.3000000,391.9500000,390.8500000,391.6500000,18370
TATN,10,20170518,184000,391.8500000,392.2500000,391.3500000,391.6500000,60250
TATN,10,20170518,185000,392.8000000,392.8000000,392.8000000,392.8000000,28260
TATN,10,20170519,101000,393.3000000,394.7000000,391.3500000,391.9000000,77190
TATN,10,20170519,102000,391.7500000,392.2500000,390.7500000,392.1500000,36880
TATN,10,20170519,103000,392.0500000,393.9500000,392.0500000,392.8000000,23840
TATN,10,20170519,104000,392.8000000,392.8500000,390.6500000,392.4500000,41660
TATN,10,20170519,105000,392.0500000,394.7000000,391.6500000,394.5000000,28470
TATN,10,20170519,110000,394.5000000,397.0000000,394.5000000,395.4500000,82230
TATN,10,20170519,111000,395.4000000,395.8000000,393.8000000,394.2500000,22300
TATN,10,20170519,112000,394.3500000,395.0000000,393.7000000,394.2500000,49930
TATN,10,20170519,113000,394.3500000,397.5000000,394.3000000,396.6500000,56010
TATN,10,20170519,114000,396.6000000,397.3500000,395.7000000,395.7000000,19000
TATN,10,20170519,115000,395.9000000,397.3500000,395.4500000,397.3500000,31510
TATN,10,20170519,120000,397.3500000,398.8000000,397.0000000,398.2500000,146010
TATN,10,20170519,121000,398.1500000,398.8500000,397.9000000,398.0000000,19350
TATN,10,20170519,122000,398.2000000,398.3500000,397.2500000,397.8000000,13490
TATN,10,20170519,123000,397.7500000,398.0000000,396.0000000,398.0000000,21590
TATN,10,20170519,124000,397.7000000,400.0000000,397.7000000,399.0000000,132230
TATN,10,20170519,125000,399.0500000,399.2500000,398.4000000,398.6000000,27430
TATN,10,20170519,130000,398.6500000,399.0000000,398.2000000,398.5000000,17780
TATN,10,20170519,131000,398.7500000,399.0000000,398.2000000,398.9500000,28010
TATN,10,20170519,132000,398.7000000,398.7000000,397.7500000,398.4000000,14070
TATN,10,20170519,133000,398.3000000,399.4000000,397.5000000,398.2500000,29950
TATN,10,20170519,134000,398.1000000,398.5000000,397.4500000,397.4500000,17650
TATN,10,20170519,135000,397.2000000,398.4500000,396.5000000,398.1500000,14420
TATN,10,20170519,140000,398.1500000,398.5000000,397.1000000,397.5000000,12590
TATN,10,20170519,141000,397.5500000,398.0000000,396.0500000,396.4000000,19670
TATN,10,20170519,142000,396.2500000,396.5500000,395.6500000,396.0500000,21100
TATN,10,20170519,143000,396.3000000,396.4500000,395.9000000,395.9000000,5730
TATN,10,20170519,144000,395.8500000,395.8500000,393.8000000,393.8000000,24960
TATN,10,20170519,145000,394.0000000,394.0000000,392.6500000,393.6500000,19040
TATN,10,20170519,150000,393.4000000,394.3000000,393.1000000,393.6000000,19140
TATN,10,20170519,151000,393.6000000,394.2500000,393.6000000,394.1500000,8550
TATN,10,20170519,152000,394.2000000,394.3000000,391.7500000,392.2500000,29820
TATN,10,20170519,153000,392.0000000,393.5000000,391.7000000,392.5000000,41160
TATN,10,20170519,154000,392.5000000,394.1000000,392.0000000,393.3000000,54710
TATN,10,20170519,155000,393.1000000,395.6500000,393.1000000,395.2500000,51570
TATN,10,20170519,160000,395.5000000,396.1000000,394.3500000,395.1000000,28390
TATN,10,20170519,161000,395.0500000,395.4500000,394.2500000,395.2500000,32190
TATN,10,20170519,162000,395.2500000,395.6000000,394.6500000,394.9500000,10380
TATN,10,20170519,163000,394.9500000,395.0500000,394.0500000,394.6500000,23060
TATN,10,20170519,164000,394.6500000,394.6500000,393.0000000,393.8000000,49510
TATN,10,20170519,165000,393.7500000,394.0000000,392.9000000,393.0000000,56400
TATN,10,20170519,170000,393.0000000,393.9500000,392.9500000,393.6500000,29800
TATN,10,20170519,171000,393.6500000,394.6000000,393.1500000,394.0500000,29250
TATN,10,20170519,172000,394.0500000,396.3500000,394.0000000,395.8000000,20330
TATN,10,20170519,173000,395.8000000,396.9000000,394.6500000,395.7000000,28620
TATN,10,20170519,174000,395.5000000,396.0000000,395.5000000,395.8000000,28860
TATN,10,20170519,175000,395.7500000,395.9500000,395.0500000,395.4000000,11680
TATN,10,20170519,180000,395.4000000,395.8000000,394.7500000,395.2000000,15240
TATN,10,20170519,181000,395.2000000,395.4000000,394.6500000,395.1000000,12510
TATN,10,20170519,182000,395.1000000,395.4500000,394.7000000,395.4000000,10330
TATN,10,20170519,183000,395.3500000,395.5000000,394.4000000,394.9000000,16130
TATN,10,20170519,184000,394.9000000,395.6500000,392.9000000,393.3500000,55000
TATN,10,20170519,185000,392.2500000,392.2500000,392.2500000,392.2500000,20200
TATN,10,20170522,101000,393.6000000,393.6000000,387.6000000,388.1000000,68140
TATN,10,20170522,102000,388.1000000,388.5000000,385.6000000,386.5500000,52330
TATN,10,20170522,103000,386.7500000,389.2000000,386.4000000,387.9000000,30620
TATN,10,20170522,104000,387.5000000,387.9000000,386.3000000,387.4000000,18840
TATN,10,20170522,105000,387.4000000,387.8000000,386.3000000,386.3000000,23830
TATN,10,20170522,110000,386.3000000,386.7000000,385.4500000,386.5000000,29810
TATN,10,20170522,111000,386.2000000,387.5000000,386.2000000,387.0000000,16310
TATN,10,20170522,112000,387.0000000,387.3500000,386.2000000,386.2000000,11600
TATN,10,20170522,113000,386.2000000,386.5000000,385.6500000,385.9000000,16770
TATN,10,20170522,114000,385.9500000,386.9000000,385.6000000,385.8500000,13040
TATN,10,20170522,115000,385.8500000,386.2000000,385.7000000,385.8000000,7500
TATN,10,20170522,120000,385.8000000,387.0000000,385.7000000,385.8500000,10560
TATN,10,20170522,121000,385.9500000,386.5500000,385.9000000,386.0500000,8280
TATN,10,20170522,122000,386.0500000,386.4000000,385.5000000,385.5000000,15930
TATN,10,20170522,123000,385.5000000,386.8000000,385.5000000,386.4500000,12820
TATN,10,20170522,124000,386.4500000,387.0000000,386.0000000,386.0500000,9380
TATN,10,20170522,125000,386.0500000,386.7500000,386.0500000,386.2500000,12780
TATN,10,20170522,130000,386.2500000,387.3500000,386.2500000,387.0000000,8170
TATN,10,20170522,131000,387.0000000,387.2500000,386.8500000,387.2000000,8660
TATN,10,20170522,132000,387.2000000,387.4500000,386.9500000,387.4500000,11610
TATN,10,20170522,133000,387.3000000,387.3500000,385.9000000,386.0000000,13680
TATN,10,20170522,134000,386.0000000,386.1500000,385.6000000,385.6500000,8330
TATN,10,20170522,135000,385.6500000,385.9500000,385.5500000,385.5500000,7080
TATN,10,20170522,140000,385.8000000,386.4500000,385.5500000,385.9500000,9330
TATN,10,20170522,141000,386.0000000,386.4500000,385.7000000,385.8500000,8880
TATN,10,20170522,142000,385.8500000,386.2000000,385.6000000,385.9000000,9190
TATN,10,20170522,143000,385.7500000,386.1500000,385.5500000,385.5500000,13450
TATN,10,20170522,144000,385.6000000,385.8000000,384.9000000,385.5500000,45360
TATN,10,20170522,145000,385.5000000,386.3000000,385.5000000,385.5500000,20810
TATN,10,20170522,150000,385.5500000,386.2000000,385.5500000,385.6500000,7140
TATN,10,20170522,151000,385.8500000,386.2000000,385.5500000,385.7500000,12540
TATN,10,20170522,152000,385.7500000,386.0000000,385.5000000,385.5000000,12370
TATN,10,20170522,153000,385.7500000,385.7500000,383.2500000,384.2000000,34230
TATN,10,20170522,154000,384.2000000,384.5000000,382.6000000,382.7000000,17180
TATN,10,20170522,155000,383.0500000,384.4000000,382.7000000,384.1500000,12320
TATN,10,20170522,160000,384.3500000,386.2500000,384.1000000,385.1000000,20250
TATN,10,20170522,161000,385.2000000,386.4000000,384.7500000,385.9000000,33640
TATN,10,20170522,162000,385.9000000,386.3500000,384.6000000,384.8000000,13500
TATN,10,20170522,163000,385.2000000,385.5000000,384.0000000,385.0500000,14960
TATN,10,20170522,164000,385.1500000,385.3500000,384.3000000,384.7500000,11430
TATN,10,20170522,165000,385.1000000,385.3500000,384.4500000,385.1500000,8880
TATN,10,20170522,170000,385.1500000,385.8500000,384.7000000,385.6500000,10020
TATN,10,20170522,171000,385.9000000,388.0000000,384.0500000,387.6500000,56350
TATN,10,20170522,172000,387.6500000,390.0000000,385.9500000,390.0000000,75290
TATN,10,20170522,173000,389.7500000,391.7500000,389.4500000,391.7500000,63460
TATN,10,20170522,174000,391.7000000,391.8000000,388.6000000,389.7500000,42290
TATN,10,20170522,175000,390.0500000,392.5000000,388.8000000,389.3000000,34690
TATN,10,20170522,180000,389.2500000,389.7500000,387.9000000,388.0500000,44510
TATN,10,20170522,181000,388.1000000,388.1000000,386.2000000,386.3500000,26750
TATN,10,20170522,182000,386.4500000,386.7000000,386.0000000,386.3000000,23310
TATN,10,20170522,183000,386.3000000,388.4500000,386.2500000,387.9500000,37630
TATN,10,20170522,184000,387.7500000,389.0500000,386.9500000,388.8000000,132250
TATN,10,20170522,185000,389.3500000,389.3500000,389.3500000,389.3500000,31650
TATN,10,20170523,101000,389.0000000,389.2000000,387.6500000,388.1500000,34240
TATN,10,20170523,102000,388.4000000,391.7500000,388.1500000,390.3500000,24750
TATN,10,20170523,103000,390.5500000,391.1000000,389.5000000,389.5000000,16910
TATN,10,20170523,104000,389.6000000,390.0000000,388.5500000,389.8500000,32270
TATN,10,20170523,105000,389.9500000,390.7500000,389.0000000,390.0500000,50270
TATN,10,20170523,110000,390.3500000,390.9000000,389.5000000,390.4500000,23680
TATN,10,20170523,111000,390.6500000,391.7500000,389.1500000,389.6000000,24770
TATN,10,20170523,112000,389.7500000,391.2000000,389.7500000,391.2000000,9700
TATN,10,20170523,113000,391.2000000,391.2500000,389.2000000,390.2500000,57020
TATN,10,20170523,114000,390.1000000,390.1500000,388.0500000,389.2500000,51620
TATN,10,20170523,115000,389.6000000,389.6000000,387.5000000,387.8500000,19060
TATN,10,20170523,120000,387.8500000,390.0000000,387.6500000,388.4500000,34330
TATN,10,20170523,121000,388.4000000,388.4500000,387.5500000,388.0000000,13830
TATN,10,20170523,122000,388.0000000,388.0000000,387.3500000,387.6500000,12110
TATN,10,20170523,123000,387.6500000,388.4500000,386.0000000,387.3500000,70360
TATN,10,20170523,124000,387.4000000,387.4000000,386.1000000,386.5000000,10260
TATN,10,20170523,125000,386.3000000,388.9000000,386.3000000,388.6500000,32490
TATN,10,20170523,130000,388.8500000,389.4000000,388.8500000,389.3500000,11670
TATN,10,20170523,131000,389.3500000,391.0000000,389.3000000,390.7500000,31990
TATN,10,20170523,132000,390.7500000,391.0000000,390.0000000,390.9000000,29270
TATN,10,20170523,133000,390.9000000,391.0000000,390.7000000,391.0000000,10110
TATN,10,20170523,134000,391.0000000,391.0000000,390.6000000,390.9500000,17690
TATN,10,20170523,135000,390.7000000,392.6500000,390.6000000,391.3500000,38420
TATN,10,20170523,140000,391.3500000,393.5000000,391.3500000,392.3000000,24290
TATN,10,20170523,141000,392.2000000,393.5000000,391.8000000,393.2500000,36800
TATN,10,20170523,142000,393.4000000,393.5000000,392.8000000,393.4500000,31130
TATN,10,20170523,143000,393.4500000,393.5000000,391.8000000,391.9500000,21820
TATN,10,20170523,144000,392.1500000,393.5000000,392.1500000,393.1500000,12910
TATN,10,20170523,145000,392.9000000,393.5000000,392.8000000,393.4000000,13170
TATN,10,20170523,150000,393.5000000,393.5000000,392.6000000,392.7500000,11000
TATN,10,20170523,151000,392.8500000,392.9500000,392.6000000,392.7000000,3200
TATN,10,20170523,152000,392.7000000,393.2000000,392.5500000,392.9500000,4560
TATN,10,20170523,153000,392.9000000,393.0000000,392.4500000,393.0000000,4290
TATN,10,20170523,154000,393.0500000,393.1000000,392.2000000,392.6500000,6520
TATN,10,20170523,155000,392.7500000,394.1000000,392.2500000,392.6000000,38680
TATN,10,20170523,160000,392.6000000,392.6500000,391.8000000,391.8500000,7690
TATN,10,20170523,161000,391.7000000,392.8500000,391.5000000,392.3500000,12640
TATN,10,20170523,162000,392.4000000,393.1000000,392.1500000,392.3000000,8340
TATN,10,20170523,163000,392.5000000,392.5000000,391.5000000,391.9000000,4930
TATN,10,20170523,164000,391.6500000,392.9000000,390.8000000,391.7000000,7070
TATN,10,20170523,165000,392.0500000,392.3000000,390.8500000,391.1000000,4630
TATN,10,20170523,170000,391.6000000,392.1000000,391.1500000,392.1000000,7050
TATN,10,20170523,171000,392.3500000,393.0500000,392.1000000,393.0500000,8450
TATN,10,20170523,172000,393.0000000,393.0000000,392.2000000,392.8000000,11600
TATN,10,20170523,173000,392.8000000,392.8000000,391.4000000,392.0500000,9570
TATN,10,20170523,174000,392.0500000,392.9500000,391.0000000,391.0000000,21440
TATN,10,20170523,175000,391.4500000,392.1000000,391.3500000,392.1000000,5750
TATN,10,20170523,180000,392.2000000,393.1500000,392.2000000,393.0000000,12950
TATN,10,20170523,181000,393.0000000,394.0000000,392.8000000,393.6000000,29500
TATN,10,20170523,182000,393.6000000,394.3500000,391.7500000,391.7500000,178840
TATN,10,20170523,183000,392.1500000,394.3000000,392.1500000,394.2000000,51820
TATN,10,20170523,184000,394.2000000,394.2000000,392.9500000,392.9500000,49640
TATN,10,20170523,185000,392.0000000,392.0000000,392.0000000,392.0000000,34930
TATN,10,20170524,101000,392.7000000,397.3000000,392.7000000,396.1000000,73640
TATN,10,20170524,102000,396.5000000,397.3500000,396.1000000,397.0500000,35540
TATN,10,20170524,103000,396.7500000,397.5000000,394.6000000,394.8000000,14890
TATN,10,20170524,104000,394.8000000,394.9500000,392.4500000,393.1000000,28460
TATN,10,20170524,105000,392.8000000,395.2000000,392.4500000,395.2000000,12940
TATN,10,20170524,110000,395.2500000,395.4000000,394.0500000,394.9000000,7730
TATN,10,20170524,111000,394.9000000,395.4500000,393.2500000,394.2500000,17030
TATN,10,20170524,112000,394.4500000,395.6000000,394.4000000,394.7500000,8120
TATN,10,20170524,113000,395.0000000,396.3500000,394.9500000,396.2500000,14280
TATN,10,20170524,114000,396.2500000,396.3000000,394.4500000,394.5000000,9970
TATN,10,20170524,115000,394.8000000,395.5500000,394.6500000,395.5500000,8990
TATN,10,20170524,120000,395.5500000,396.0000000,395.2500000,395.8500000,10230
TATN,10,20170524,121000,395.7000000,395.7000000,394.2000000,394.2000000,13540
TATN,10,20170524,122000,394.5500000,394.8000000,394.1000000,394.7500000,3480
TATN,10,20170524,123000,394.7500000,394.7500000,394.2000000,394.2000000,5630
TATN,10,20170524,124000,394.5500000,394.6000000,393.4500000,394.5000000,16850
TATN,10,20170524,125000,394.3500000,394.6500000,393.5000000,394.2000000,6290
TATN,10,20170524,130000,394.2500000,394.6000000,393.9500000,394.6000000,4490
TATN,10,20170524,131000,394.4500000,395.2500000,394.2000000,394.5000000,9920
TATN,10,20170524,132000,394.7500000,394.8000000,393.3000000,393.6500000,8730
TATN,10,20170524,133000,393.7000000,394.1500000,393.7000000,393.8500000,2840
TATN,10,20170524,134000,393.8000000,393.8000000,393.4500000,393.6000000,7030
TATN,10,20170524,135000,393.8500000,393.9500000,393.6000000,393.8000000,6270
TATN,10,20170524,140000,393.8000000,394.0500000,393.5500000,394.0500000,2580
TATN,10,20170524,141000,393.8500000,396.5000000,393.8500000,396.5000000,40610
TATN,10,20170524,142000,396.4500000,396.6000000,395.4000000,395.5500000,17880
TATN,10,20170524,143000,395.4000000,395.6000000,394.7000000,395.3500000,9920
TATN,10,20170524,144000,395.2000000,396.4000000,394.8000000,394.9500000,14590
TATN,10,20170524,145000,394.8500000,396.0000000,394.8500000,396.0000000,8110
TATN,10,20170524,150000,396.0500000,396.4000000,394.2000000,395.6000000,14400
TATN,10,20170524,151000,395.2500000,396.4000000,395.2500000,396.1000000,8020
TATN,10,20170524,152000,396.0500000,396.5500000,395.7000000,396.2000000,11430
TATN,10,20170524,153000,395.9500000,396.5000000,393.5000000,393.7000000,25280
TATN,10,20170524,154000,394.1500000,394.3500000,393.8500000,394.1500000,6730
TATN,10,20170524,155000,394.3500000,394.5000000,392.8000000,392.8000000,14290
TATN,10,20170524,160000,392.8000000,393.3000000,392.5500000,392.9000000,11640
TATN,10,20170524,161000,392.9000000,393.3500000,392.8000000,393.0000000,11610
TATN,10,20170524,162000,393.0000000,394.2000000,392.6000000,393.8000000,57370
TATN,10,20170524,163000,393.7500000,394.0000000,392.7000000,393.5500000,42040
TATN,10,20170524,164000,393.5500000,394.0000000,393.0500000,393.0500000,38070
TATN,10,20170524,165000,393.1000000,395.1000000,393.1000000,395.1000000,37710
TATN,10,20170524,170000,394.9000000,395.3000000,394.1000000,394.6000000,54240
TATN,10,20170524,171000,394.8500000,395.8000000,394.3000000,394.4000000,28760
TATN,10,20170524,172000,394.6500000,395.0500000,393.7000000,394.1500000,23630
TATN,10,20170524,173000,393.9500000,394.7500000,393.3500000,394.0000000,27090
TATN,10,20170524,174000,394.0000000,395.7000000,394.0000000,395.2000000,33730
TATN,10,20170524,175000,395.2500000,396.3000000,394.9500000,395.5000000,26650
TATN,10,20170524,180000,395.6000000,395.8500000,395.0500000,395.4000000,9990
TATN,10,20170524,181000,395.5500000,396.3000000,395.5500000,396.3000000,18310
TATN,10,20170524,182000,396.3000000,397.4500000,396.2000000,397.0500000,33660
TATN,10,20170524,183000,397.0500000,398.4500000,396.6500000,398.2000000,55000
TATN,10,20170524,184000,398.2000000,398.8500000,397.0500000,398.8000000,102850
TATN,10,20170524,185000,400.0000000,400.0000000,400.0000000,400.0000000,45040
TATN,10,20170525,101000,398.8000000,400.8000000,398.6500000,399.5500000,54130
TATN,10,20170525,102000,399.8000000,400.0000000,398.0500000,399.8500000,32750
TATN,10,20170525,103000,399.7000000,400.0000000,398.6000000,398.6000000,26890
TATN,10,20170525,104000,398.6500000,399.6000000,397.9000000,398.1500000,14460
TATN,10,20170525,105000,398.1500000,398.7000000,396.6500000,397.0000000,32270
TATN,10,20170525,110000,397.0500000,397.3000000,395.0000000,395.0000000,30230
TATN,10,20170525,111000,395.0000000,397.1000000,395.0000000,396.5000000,15100
TATN,10,20170525,112000,396.7000000,397.1000000,395.5000000,395.5000000,7090
TATN,10,20170525,113000,395.7500000,396.2000000,393.2500000,393.2500000,25620
TATN,10,20170525,114000,393.2000000,395.1500000,390.1000000,393.4500000,81700
TATN,10,20170525,115000,393.7000000,394.6500000,393.0000000,393.5500000,27570
TATN,10,20170525,120000,393.8000000,393.8000000,392.0000000,393.0000000,27210
TATN,10,20170525,121000,393.0500000,394.7000000,392.0500000,393.1500000,28850
TATN,10,20170525,122000,393.7000000,393.9500000,393.2000000,393.3000000,4040
TATN,10,20170525,123000,393.3000000,393.4000000,390.7000000,391.1000000,84330
TATN,10,20170525,124000,391.0500000,392.7500000,391.0000000,391.7000000,17450
TATN,10,20170525,125000,391.7000000,392.5500000,391.1000000,391.5000000,19060
TATN,10,20170525,130000,391.5000000,392.8500000,391.0500000,391.3500000,16890
TATN,10,20170525,131000,391.1000000,391.4000000,390.2500000,390.2500000,61930
TATN,10,20170525,132000,390.5000000,390.9000000,390.2500000,390.2500000,28870
TATN,10,20170525,133000,390.3000000,390.7500000,390.2500000,390.4500000,28190
TATN,10,20170525,134000,390.6500000,391.4500000,390.6000000,391.3000000,14730
TATN,10,20170525,135000,391.4500000,392.9500000,391.0500000,392.4500000,14920
TATN,10,20170525,140000,392.4500000,392.9500000,392.1500000,392.8500000,8960
TATN,10,20170525,141000,392.6500000,393.0000000,392.0000000,392.3500000,12910
TATN,10,20170525,142000,392.4500000,392.4500000,391.6500000,391.9000000,8000
TATN,10,20170525,143000,391.9500000,391.9500000,391.3500000,391.6000000,5530
TATN,10,20170525,144000,391.7500000,392.3500000,391.7500000,392.0500000,15000
TATN,10,20170525,145000,392.1000000,392.4000000,391.6000000,391.8000000,31550
TATN,10,20170525,150000,391.7000000,392.2000000,391.5500000,391.5500000,6930
TATN,10,20170525,151000,391.6000000,391.8000000,391.0000000,391.5500000,5590
TATN,10,20170525,152000,391.6500000,392.3000000,391.6000000,392.2500000,13420
TATN,10,20170525,153000,392.2500000,392.2500000,390.8500000,390.9000000,8090
TATN,10,20170525,154000,391.2500000,391.3500000,390.8500000,390.8500000,8050
TATN,10,20170525,155000,391.0500000,391.4000000,389.7500000,390.2000000,43220
TATN,10,20170525,160000,390.0000000,391.3000000,389.3000000,389.5000000,36970
TATN,10,20170525,161000,389.5500000,389.8500000,389.0000000,389.7000000,17090
TATN,10,20170525,162000,389.6500000,389.9000000,388.6000000,389.0000000,24040
TATN,10,20170525,163000,389.3000000,389.7500000,386.5500000,387.9500000,40740
TATN,10,20170525,164000,387.7500000,389.1000000,387.4500000,389.1000000,29970
TATN,10,20170525,165000,389.0000000,391.0000000,389.0000000,390.6000000,26350
TATN,10,20170525,170000,390.5000000,390.6000000,388.7500000,388.7500000,25210
TATN,10,20170525,171000,388.7500000,389.5500000,388.6500000,388.9000000,13510
TATN,10,20170525,172000,389.2000000,389.8500000,388.4000000,388.4000000,14890
TATN,10,20170525,173000,388.4000000,389.5000000,387.5000000,387.5000000,52390
TATN,10,20170525,174000,387.8500000,389.7500000,387.8500000,389.4000000,6400
TATN,10,20170525,175000,389.3000000,389.3000000,388.6500000,388.9000000,11890
TATN,10,20170525,180000,388.9500000,389.0000000,387.2000000,387.3500000,30400
TATN,10,20170525,181000,387.2500000,389.4000000,387.2000000,389.4000000,26680
TATN,10,20170525,182000,389.2000000,389.2000000,387.1500000,387.8000000,18220
TATN,10,20170525,183000,387.6000000,387.6000000,386.9000000,387.4000000,44310
TATN,10,20170525,184000,387.6500000,390.0500000,387.4500000,389.5000000,109670
TATN,10,20170525,185000,389.5000000,389.5000000,389.5000000,389.5000000,8850
TATN,10,20170526,101000,388.7000000,388.7000000,386.6000000,387.0000000,28750
TATN,10,20170526,102000,387.2000000,387.2000000,384.4500000,386.3500000,30730
TATN,10,20170526,103000,386.5000000,386.6500000,383.6500000,384.2500000,27410
TATN,10,20170526,104000,384.1000000,384.6000000,383.1500000,384.3000000,25510
TATN,10,20170526,105000,384.4500000,384.9500000,383.1000000,384.1000000,22470
TATN,10,20170526,110000,384.0000000,384.8000000,383.9500000,384.5500000,13050
TATN,10,20170526,111000,384.6000000,385.2500000,383.1000000,383.3500000,30220
TATN,10,20170526,112000,383.2500000,384.1000000,383.1500000,383.7500000,2830
TATN,10,20170526,113000,383.8000000,384.0000000,383.0000000,383.8000000,17040
TATN,10,20170526,114000,383.9500000,384.0000000,382.8500000,383.0000000,20690
TATN,10,20170526,115000,383.2500000,383.4500000,382.2500000,382.5000000,32070
TATN,10,20170526,120000,382.5000000,382.7000000,381.3500000,381.7000000,21760
TATN,10,20170526,121000,381.8000000,382.9000000,381.4000000,382.2000000,11980
TATN,10,20170526,122000,382.5500000,383.5000000,381.6500000,382.2500000,46960
TATN,10,20170526,123000,382.2000000,382.4500000,381.6000000,382.0500000,12450
TATN,10,20170526,124000,382.0500000,382.2000000,381.6000000,381.6500000,4930
TATN,10,20170526,125000,381.9000000,382.2000000,380.2500000,380.5000000,44980
TATN,10,20170526,130000,380.6000000,381.4500000,380.1000000,381.1500000,27320
TATN,10,20170526,131000,381.4000000,381.7000000,380.8000000,381.2500000,21300
TATN,10,20170526,132000,381.3000000,381.6500000,381.1000000,381.1500000,13880
TATN,10,20170526,133000,381.2500000,381.4500000,380.4500000,380.7000000,77550
TATN,10,20170526,134000,380.5000000,381.0500000,380.1500000,380.5500000,15120
TATN,10,20170526,135000,380.4500000,380.8000000,380.2000000,380.8000000,8690
TATN,10,20170526,140000,380.5000000,381.1500000,380.3000000,380.3500000,20020
TATN,10,20170526,141000,380.3500000,380.7500000,380.2000000,380.7000000,9510
TATN,10,20170526,142000,380.4000000,380.6500000,380.1000000,380.4000000,14660
TATN,10,20170526,143000,380.4000000,380.6000000,380.1000000,380.2000000,5020
TATN,10,20170526,144000,380.4500000,380.6500000,380.1000000,380.6000000,6390
TATN,10,20170526,145000,380.6000000,380.7000000,379.5500000,380.0000000,29970
TATN,10,20170526,150000,380.2500000,380.4500000,378.7000000,378.8500000,14430
TATN,10,20170526,151000,378.8500000,379.2000000,378.2500000,378.8000000,7460
TATN,10,20170526,152000,378.8000000,380.1000000,378.4000000,380.1000000,12900
TATN,10,20170526,153000,379.9500000,381.4500000,379.2500000,379.6000000,27790
TATN,10,20170526,154000,379.5000000,381.3500000,379.3000000,380.8500000,24200
TATN,10,20170526,155000,381.1000000,382.0000000,380.8000000,381.4500000,13630
TATN,10,20170526,160000,381.5000000,381.7000000,380.0000000,380.0000000,7750
TATN,10,20170526,161000,380.2000000,384.0000000,380.2000000,383.3500000,69920
TATN,10,20170526,162000,383.2000000,383.8500000,381.8000000,382.4500000,17330
TATN,10,20170526,163000,382.4500000,382.6000000,381.1000000,381.3500000,16590
TATN,10,20170526,164000,381.4000000,382.2000000,379.5000000,379.5000000,36400
TATN,10,20170526,165000,379.8000000,381.6000000,379.5000000,380.9000000,23780
TATN,10,20170526,170000,380.5500000,382.7500000,380.3500000,381.3500000,39880
TATN,10,20170526,171000,381.8000000,384.0000000,381.8000000,382.8000000,35230
TATN,10,20170526,172000,382.8000000,383.2500000,381.7000000,382.7000000,38100
TATN,10,20170526,173000,383.0000000,384.3000000,382.0000000,382.6000000,36550
TATN,10,20170526,174000,382.9000000,383.5000000,382.1500000,382.1500000,18440
TATN,10,20170526,175000,382.1000000,383.3500000,381.5000000,381.9000000,34350
TATN,10,20170526,180000,381.9500000,383.3000000,381.9500000,383.2500000,9340
TATN,10,20170526,181000,383.2000000,383.6000000,381.0500000,381.5000000,30630
TATN,10,20170526,182000,381.5000000,382.8000000,381.1500000,382.7000000,17150
TATN,10,20170526,183000,382.8500000,384.7000000,382.8500000,384.0000000,34730
TATN,10,20170526,184000,384.2000000,388.0000000,383.9000000,386.7500000,117730
TATN,10,20170526,185000,388.0000000,388.0000000,388.0000000,388.0000000,47450
TATN,10,20170529,101000,386.9000000,388.8000000,383.0500000,383.9000000,47930
TATN,10,20170529,102000,384.5000000,386.0000000,384.3500000,385.3500000,36180
TATN,10,20170529,103000,385.2500000,385.6500000,384.3000000,384.9500000,15210
TATN,10,20170529,104000,385.0000000,385.5500000,384.4000000,384.5000000,13060
TATN,10,20170529,105000,384.5000000,385.0000000,384.4000000,384.6500000,6950
TATN,10,20170529,110000,385.0000000,385.0000000,384.5000000,384.6000000,15520
TATN,10,20170529,111000,384.9500000,385.0000000,384.5500000,385.0000000,5500
TATN,10,20170529,112000,385.0000000,385.8500000,384.5000000,384.9000000,18710
TATN,10,20170529,113000,384.9000000,385.2000000,384.3000000,384.8000000,8520
TATN,10,20170529,114000,385.0000000,385.5000000,384.0000000,384.2000000,13870
TATN,10,20170529,115000,384.1500000,384.4500000,383.5000000,383.9500000,15730
TATN,10,20170529,120000,384.0000000,384.4500000,383.0000000,384.0500000,23610
TATN,10,20170529,121000,384.0000000,384.8000000,383.9500000,384.3500000,3890
TATN,10,20170529,122000,384.3500000,385.2500000,384.3000000,384.9000000,5490
TATN,10,20170529,123000,385.1500000,385.1500000,384.8000000,385.0500000,2410
TATN,10,20170529,124000,385.1500000,386.4500000,384.7500000,385.1000000,15140
TATN,10,20170529,125000,385.0000000,385.9000000,384.3500000,384.9500000,7730
TATN,10,20170529,130000,384.6500000,385.9500000,384.6000000,385.2500000,5570
TATN,10,20170529,131000,385.2500000,386.8500000,384.9000000,386.5000000,11160
TATN,10,20170529,132000,386.9500000,387.5500000,386.0000000,387.1000000,11680
TATN,10,20170529,133000,387.0500000,388.3000000,386.7500000,387.5500000,25920
TATN,10,20170529,134000,387.5500000,388.0000000,386.6000000,387.1000000,13600
TATN,10,20170529,135000,387.4000000,388.2500000,387.2500000,388.2500000,5650
TATN,10,20170529,140000,388.3500000,388.4000000,387.4000000,387.9500000,8780
TATN,10,20170529,141000,388.0000000,388.3000000,387.8000000,387.8000000,5230
TATN,10,20170529,142000,388.1000000,388.4500000,387.7500000,387.8500000,9390
TATN,10,20170529,143000,387.8500000,388.9000000,387.0500000,388.9000000,9830
TATN,10,20170529,144000,388.6500000,389.3500000,388.0500000,388.8500000,12650
TATN,10,20170529,145000,388.9000000,389.3500000,388.1500000,388.3000000,17820
TATN,10,20170529,150000,388.3500000,389.4500000,388.3500000,388.9500000,7370
TATN,10,20170529,151000,389.1500000,390.2000000,388.2500000,389.8000000,17800
TATN,10,20170529,152000,389.9000000,390.7500000,389.8000000,389.8500000,7460
TATN,10,20170529,153000,389.8500000,390.1000000,388.0000000,388.6000000,23890
TATN,10,20170529,154000,389.1500000,389.9500000,388.6500000,389.4000000,13470
TATN,10,20170529,155000,389.3500000,389.9000000,388.4500000,388.9000000,14270
TATN,10,20170529,160000,388.9000000,389.5500000,388.5000000,389.1500000,10590
TATN,10,20170529,161000,389.4000000,389.7000000,388.3500000,389.2500000,7310
TATN,10,20170529,162000,389.6000000,389.9000000,389.0000000,389.0000000,7760
TATN,10,20170529,163000,389.4500000,389.9500000,388.6000000,388.9500000,8000
TATN,10,20170529,164000,389.2000000,389.9000000,387.7000000,388.3500000,11230
TATN,10,20170529,165000,388.7000000,389.1000000,386.8500000,387.8000000,31010
TATN,10,20170529,170000,388.0000000,389.0000000,387.4000000,388.4000000,13650
TATN,10,20170529,171000,388.2500000,389.1000000,387.3500000,388.3000000,12240
TATN,10,20170529,172000,388.0500000,388.3500000,387.0000000,388.2000000,20290
TATN,10,20170529,173000,388.4000000,389.1500000,387.7000000,388.0000000,15190
TATN,10,20170529,174000,388.1500000,389.3000000,387.2000000,387.7000000,12340
TATN,10,20170529,175000,388.2000000,388.5500000,387.3000000,387.9500000,13850
TATN,10,20170529,180000,387.9500000,388.2000000,387.0000000,388.0500000,8010
TATN,10,20170529,181000,388.0500000,388.4000000,387.0000000,388.2000000,11690
TATN,10,20170529,182000,387.8500000,389.2500000,387.4000000,388.4000000,23660
TATN,10,20170529,183000,388.5500000,388.8500000,387.0500000,387.0500000,17850
TATN,10,20170529,184000,387.2500000,388.3000000,386.4000000,387.8500000,18930
TATN,10,20170529,185000,388.8000000,388.8000000,388.8000000,388.8000000,17230
TATN,10,20170530,101000,386.3000000,386.8000000,383.3000000,383.3000000,53650
TATN,10,20170530,102000,383.3000000,383.8500000,382.6000000,382.8500000,37560
TATN,10,20170530,103000,383.0500000,383.1500000,380.6500000,382.0500000,28500
TATN,10,20170530,104000,382.0500000,382.3500000,381.5000000,381.5000000,17570
TATN,10,20170530,105000,381.3500000,382.2500000,381.3500000,382.1500000,9030
TATN,10,20170530,110000,382.2000000,382.3500000,381.6000000,381.6500000,13250
TATN,10,20170530,111000,381.6500000,382.2500000,381.1000000,381.5000000,17650
TATN,10,20170530,112000,381.7000000,382.0000000,381.0000000,381.8500000,17180
TATN,10,20170530,113000,381.6000000,382.2500000,381.1500000,382.2500000,5070
TATN,10,20170530,114000,382.4500000,383.7000000,382.0500000,383.2000000,14860
TATN,10,20170530,115000,383.5000000,383.6000000,382.6000000,383.0500000,19540
TATN,10,20170530,120000,383.1000000,383.5500000,382.6500000,382.8000000,14640
TATN,10,20170530,121000,382.8000000,383.1000000,382.2500000,382.8000000,7780
TATN,10,20170530,122000,382.4000000,382.8000000,381.5500000,381.5500000,18430
TATN,10,20170530,123000,381.5500000,381.7500000,381.1500000,381.2500000,16880
TATN,10,20170530,124000,381.3500000,382.0500000,381.3000000,381.9000000,10360
TATN,10,20170530,125000,381.9000000,382.6000000,381.8500000,382.5000000,10400
TATN,10,20170530,130000,382.1000000,382.4500000,381.6500000,381.9000000,9120
TATN,10,20170530,131000,382.2500000,382.8000000,382.0500000,382.5500000,6310
TATN,10,20170530,132000,382.8500000,383.6500000,382.5000000,383.1500000,12540
TATN,10,20170530,133000,383.3500000,383.7500000,382.1500000,382.2000000,16980
TATN,10,20170530,134000,382.2000000,382.7500000,382.0500000,382.5000000,12350
TATN,10,20170530,135000,382.6500000,382.8500000,382.0000000,382.4500000,10950
TATN,10,20170530,140000,382.6000000,382.8000000,382.0000000,382.4000000,7510
TATN,10,20170530,141000,382.4000000,382.9500000,382.2500000,382.7500000,8890
TATN,10,20170530,142000,383.0000000,383.0000000,382.2000000,382.4000000,19590
TATN,10,20170530,143000,382.7500000,383.1000000,382.2500000,383.0500000,7110
TATN,10,20170530,144000,383.1000000,383.5000000,382.5500000,383.1000000,17600
TATN,10,20170530,145000,383.5000000,383.8000000,383.1000000,383.3500000,11570
TATN,10,20170530,150000,383.5500000,384.1000000,383.3000000,383.7000000,15110
TATN,10,20170530,151000,383.8000000,384.1000000,383.3500000,383.8000000,10300
TATN,10,20170530,152000,383.8000000,384.0500000,383.0500000,383.2500000,11620
TATN,10,20170530,153000,383.4500000,384.0000000,383.2500000,383.6500000,38430
TATN,10,20170530,154000,383.8000000,384.2000000,383.4000000,383.9000000,33300
TATN,10,20170530,155000,384.1000000,386.1000000,383.8000000,386.1000000,108010
TATN,10,20170530,160000,385.9000000,386.8500000,385.9000000,386.6000000,12550
TATN,10,20170530,161000,386.5500000,386.5500000,386.2000000,386.3500000,4110
TATN,10,20170530,162000,386.3500000,386.4500000,386.2000000,386.2500000,3260
TATN,10,20170530,163000,386.3000000,386.5000000,386.0000000,386.0500000,5050
TATN,10,20170530,164000,386.1000000,387.6500000,385.9000000,387.0000000,16210
TATN,10,20170530,165000,387.1000000,387.6500000,386.6000000,387.0000000,13800
TATN,10,20170530,170000,387.3500000,387.5000000,386.5000000,387.0000000,14020
TATN,10,20170530,171000,387.0500000,387.6500000,386.9000000,386.9500000,18670
TATN,10,20170530,172000,386.9000000,387.2500000,386.0500000,386.6500000,20120
TATN,10,20170530,173000,386.7500000,386.9500000,385.1000000,385.7000000,52000
TATN,10,20170530,174000,386.1500000,387.0000000,385.7500000,385.7500000,8920
TATN,10,20170530,175000,386.0500000,386.5000000,385.9500000,386.5000000,6770
TATN,10,20170530,180000,386.5000000,386.6000000,386.0000000,386.4000000,20120
TATN,10,20170530,181000,386.3500000,386.6000000,386.1000000,386.4000000,6870
TATN,10,20170530,182000,386.4000000,386.8500000,386.3000000,386.7000000,42650
TATN,10,20170530,183000,386.7500000,387.0500000,386.5000000,386.8000000,26300
TATN,10,20170530,184000,386.7000000,387.1000000,386.5000000,387.0000000,102150
TATN,10,20170530,185000,387.0000000,387.0000000,387.0000000,387.0000000,107410
TATN,10,20170531,101000,386.3500000,389.4500000,386.3500000,388.7500000,48600
TATN,10,20170531,102000,388.7500000,388.9000000,387.6500000,388.4500000,18180
TATN,10,20170531,103000,388.5000000,390.0500000,388.5000000,388.9500000,107230
TATN,10,20170531,104000,388.9500000,392.4500000,388.9500000,390.9000000,105770
TATN,10,20170531,105000,391.0500000,391.1500000,390.0000000,390.2500000,78730
TATN,10,20170531,110000,390.0000000,390.2500000,387.9500000,389.1000000,65750
TATN,10,20170531,111000,388.7500000,389.3500000,387.7000000,388.6500000,40270
TATN,10,20170531,112000,388.8000000,388.9500000,383.6500000,384.6500000,124690
TATN,10,20170531,113000,384.7000000,385.1000000,381.6500000,382.4000000,102550
TATN,10,20170531,114000,382.5000000,383.2000000,382.0500000,382.7000000,80740
TATN,10,20170531,115000,383.0500000,384.7500000,382.9000000,384.4000000,46320
TATN,10,20170531,120000,384.5500000,384.8500000,383.4500000,383.9000000,55550
TATN,10,20170531,121000,384.1000000,384.8000000,383.6500000,384.7000000,42880
TATN,10,20170531,122000,384.7500000,387.3500000,384.7500000,386.5000000,56370
TATN,10,20170531,123000,386.3000000,387.5500000,386.1500000,387.5500000,85990
TATN,10,20170531,124000,387.2500000,389.9000000,387.1500000,389.4000000,49260
TATN,10,20170531,125000,389.5500000,390.5000000,389.3000000,389.7500000,37520
TATN,10,20170531,130000,389.7500000,389.7500000,388.3000000,388.4000000,22920
TATN,10,20170531,131000,388.6500000,389.3500000,387.3000000,387.8500000,36210
TATN,10,20170531,132000,387.8500000,388.3000000,386.2500000,387.7500000,50030
TATN,10,20170531,133000,388.0500000,388.7500000,387.3500000,387.7500000,57180
TATN,10,20170531,134000,387.7000000,388.8500000,387.7000000,388.6500000,39650
TATN,10,20170531,135000,388.7000000,390.4500000,388.0500000,389.6000000,36540
TATN,10,20170531,140000,389.6500000,391.0000000,389.4500000,391.0000000,39570
TATN,10,20170531,141000,390.9000000,391.7000000,390.6500000,391.7000000,37790
TATN,10,20170531,142000,391.5500000,392.3000000,390.1500000,392.1500000,74280
TATN,10,20170531,143000,392.0500000,392.8000000,390.9500000,392.7500000,68870
TATN,10,20170531,144000,392.8000000,393.5500000,392.5000000,393.3500000,51130
TATN,10,20170531,145000,393.4000000,393.8000000,392.2500000,393.8000000,52640
TATN,10,20170531,150000,393.8000000,394.9000000,392.0500000,394.3000000,84240
TATN,10,20170531,151000,394.3000000,396.5000000,394.3000000,396.0500000,129960
TATN,10,20170531,152000,396.1000000,396.2000000,395.0500000,396.1000000,55210
TATN,10,20170531,153000,396.1500000,396.2000000,394.5000000,395.8500000,71220
TATN,10,20170531,154000,395.8500000,396.2000000,395.4500000,395.8500000,60540
TATN,10,20170531,155000,396.0500000,396.7000000,395.5000000,396.4500000,52920
TATN,10,20170531,160000,396.4500000,396.7500000,394.6000000,395.0000000,77630
TATN,10,20170531,161000,395.0000000,395.0000000,393.1500000,393.3500000,99170
TATN,10,20170531,162000,393.1500000,394.3000000,391.9500000,393.0500000,77640
TATN,10,20170531,163000,393.0500000,395.0000000,392.8000000,394.4000000,76240
TATN,10,20170531,164000,394.4000000,396.6000000,394.2500000,396.6000000,91970
TATN,10,20170531,165000,396.6000000,397.3500000,395.9000000,396.6500000,102110
TATN,10,20170531,170000,396.2500000,396.9500000,395.0500000,395.7500000,73200
TATN,10,20170531,171000,395.4500000,396.0000000,389.0000000,389.5000000,245130
TATN,10,20170531,172000,389.5500000,390.7500000,387.0500000,387.9000000,210300
TATN,10,20170531,173000,387.6000000,389.4000000,386.0500000,389.0500000,134360
TATN,10,20170531,174000,389.0000000,391.4000000,389.0000000,389.4000000,293220
TATN,10,20170531,175000,389.4000000,390.2000000,389.1000000,389.4500000,129280
TATN,10,20170531,180000,389.4500000,390.0000000,387.6500000,388.7500000,59990
TATN,10,20170531,181000,388.6000000,389.6500000,388.6000000,389.5500000,99400
TATN,10,20170531,182000,389.5500000,389.6500000,387.2000000,389.1500000,116070
TATN,10,20170531,183000,389.1000000,389.9500000,386.5500000,388.8000000,282720
TATN,10,20170531,184000,388.5000000,393.3000000,386.5500000,392.1000000,1290820
TATN,10,20170531,185000,384.5000000,384.5000000,384.5000000,384.5000000,1429940
